10000 5000
1817494
927210
8203840
2891546
2495934
7320517
5212805
345912
8067924
3488503
2443773
9847567
4834705
8208750
3146190
6142517
1597358
7280415
4063932
7248248
8018705
7372032
4285412
7522200
9090130
1314046
9803735
9904224
4807188
3355347
3779010
9538424
5457064
5831453
1976022
7867125
3060936
5635817
4388148
6992916
7775217
2040745
2377620
5404416
375354
4378000
894600
3628736
105364
1227540
7117416
786633
8305686
9336211
4238416
1761998
7578576
4205614
888220
5151843
6792201
9797026
6239680
1462174
1111655
815253
1119375
2300111
8488988
3505290
3814680
29940
1234044
9022850
2630086
7880448
3210865
6018464
3176384
1304480
2968045
4636359
1860650
8898168
2237268
563456
4532640
5105184
56715
351876
1273728
2801570
2695002
6799692
6253184
6566366
9142848
5316715
3738508
7123782
2030930
745255
9210354
5561492
4441554
4620780
6839840
8900276
2212880
3676610
1541362
5955021
1891582
8249084
7486380
3837588
4254363
1928448
2271876
5097232
3659304
1074514
5935106
5661344
2616128
5900176
6444120
3160120
2460070
1504494
377952
5822952
9302640
9658644
9143487
2502470
5876528
1466680
1310415
2544215
8678313
286272
9883194
7005379
956259
5545449
5861618
275615
1395576
7128864
7003925
1738516
8208036
309134
2284127
9068641
9059616
1346302
2095352
1733526
6378560
3743190
4028415
4311684
8565298
5143692
4300382
1950228
6590848
4696299
4520942
5272824
6423128
1248660
4747248
6358618
6756372
2080442
1268061
5322080
3001880
2215865
893210
7407264
5982935
4414815
228084
937440
7172196
9825310
909090
5412154
8921070
9145845
333648
957120
555646
4502493
7993536
7701291
145971
1940378
7747236
6195120
1774688
4575830
5033616
8311620
8541882
6194124
448200
8742230
1076320
5749782
8418112
7281408
1741759
2340128
2167656
1388218
4483470
610548
3079293
9761350
344224
7151328
7223769
6707558
8306858
7528556
6249196
5963035
2416296
3377030
4647944
6825017
3545185
716224
2312685
9691980
7833429
8695296
2677682
2724032
41916
8880399
6859594
8674410
2695302
5422752
3022904
3272248
1071360
5348282
1403188
3127732
3538640
9873399
5245696
4989760
7638628
6626817
7252555
5523245
1975078
1649710
1367631
1346652
3059532
2615855
477563
66665
8749539
2793629
9772890
1892106
6820332
5226526
5693088
1710208
8543411
7618296
221216
1940288
9479511
8275416
1040664
5853666
3926300
1868720
7505285
1805748
6782591
6647595
1952270
7587870
9767148
1886424
6507864
6137532
4138547
5738165
6012907
1066790
8035028
4320001
6089904
3397492
896855
764468
7071600
8731584
1758034
5350644
3650346
5155487
4780975
6111752
9684729
1221152
9388602
40959
9504401
5464018
6297984
4860660
3626069
5921258
9461040
1747498
1334664
362274
3094798
8020163
7914216
7146846
4797890
1509360
8303688
6939040
4168614
4096548
5531762
4940055
6868540
7376474
5705560
3244238
4566436
8011640
7691778
4732025
285278
3942054
9286704
7003989
9490500
1144556
8158752
6736512
6861684
1360643
9396264
5472302
8737254
67728
7636416
5170442
603396
5139700
5705187
4774182
1154686
6338544
8210435
7588506
1284136
5236685
1390214
8966988
8907150
5782940
7697736
4594276
9408554
5573056
7317417
9693962
1973088
7741272
3935264
8802765
669956
3397776
6979014
5652878
2401188
4625755
9187904
4516410
9554251
8443036
216474
1512400
8654208
1099691
4782134
6827936
4651678
2756768
7957824
7659232
363697
3555708
4954048
1424280
2393388
9491798
6741477
9700044
1979027
9558195
1782216
3377836
1722112
2984982
2667654
7349728
7840728
7258525
9030983
7029847
8382609
7289370
5962060
4284093
6337656
4407588
7248744
5142526
9277713
6332180
5498656
7159530
3971052
8063616
7168212
8203840
6837856
2823359
3086814
5298382
213065
4028682
4972944
4137708
3589695
7787394
7582548
9721518
1530310
5937165
6175200
7107885
6116880
9865425
9793668
2885218
5918280
4851620
221439
7428168
9870400
4871756
6307715
7766226
7302522
8520362
4576828
771900
3336959
4941098
4312683
7359648
9807489
839232
9414080
7352640
2307732
7884396
5496086
4203104
2128668
1121877
2060562
1586412
4490892
7006860
1061872
9390600
1999902
3576420
807382
1267630
3815181
9772014
5370582
2208355
532167
6600471
9805920
7041888
4633714
7865475
997000
9440018
6552441
2347572
3572840
1762362
6310906
6082572
2543488
4913364
1038730
5669511
627845
9774002
7567608
1947180
1446336
8511942
1442294
4074144
8561322
6553442
731841
4984980
66799
5794155
6060279
6560751
8260767
7684614
6108524
6189369
6164646
7433645
8546284
3390211
8093496
8605754
6668988
7388194
7337296
8377432
2037760
5206334
8363628
3684538
2012721
444318
5287091
7447545
3694435
2523213
5686358
5885364
2914355
6821330
267117
6399372
9066274
5095904
7606386
5891340
5767836
6943086
5381613
9729924
6537150
1362774
6427168
1637132
6910152
9462527
1069856
3696430
1468104
7574418
4240800
7551765
6897378
783216
9376614
5810144
740530
7413738
6720962
4188950
5112768
4201128
8413578
4295718
7102720
1436330
7936056
7179662
3879582
9559608
6612672
7260448
3738508
6005748
4465560
7048314
2958147
2497856
7378614
2383355
8068722
3257472
9791378
8319195
3947175
3727530
2979018
5888352
6946072
9956034
8764404
8969026
4656668
8497706
9381372
2288188
288422
7172858
2174457
9749462
3378618
6172821
551341
3516068
5764035
9688864
501491
3695594
3373452
9091488
2437344
8455958
3351768
5217777
8947044
5315529
7234502
2561130
7854656
2285515
9368226
3593366
1517904
230307
1213674
3704638
723897
5628324
1068630
6667448
5390198
4137632
9599391
1216562
82336
4344544
903282
7329333
5335389
2690758
9116388
4457587
4941054
8537466
977060
8910081
8159448
441228
3385404
3043361
8372480
2182236
7356456
4506355
6858711
427420
7067925
6126565
2196960
2226771
4574832
6615378
5354095
3510122
462210
1739259
786656
8212730
9756448
6174474
2445552
7826450
3776432
6134290
5997952
1694485
7226720
2311686
6451587
7973009
1552888
3479515
1347651
5254190
2918219
1255223
9597456
4539392
6970032
4688891
6247290
2271290
8337672
6074830
2338314
3469024
6298350
7257735
719558
6068739
5564412
6063104
7531538
5323652
3262005
4429566
9282355
9354990
1096046
5810233
5274130
4877118
3333250
4588000
5877621
3705574
451360
4864707
6740928
158841
8178391
789435
7817889
8569888
2542225
6926195
8939904
2146541
85656
9725674
402570
1305756
4037538
9385605
9029001
3996948
6118866
1841604
1038624
5704566
3727151
2520416
8581536
458833
2903264
9706548
3954130
2184812
6882360
9015932
7852672
7146496
488545
8250464
4377228
6589404
9574784
3296416
608474
122754
7069328
3882630
2862720
9841149
3354145
897672
7842714
4973888
3401468
3565680
9752352
7236936
8994464
7749470
2912304
6588796
6852381
4539003
9696645
7894098
1733783
9700255
5138560
8070715
6056307
3657993
5687136
3937215
4711008
1919292
4847640
520332
5285709
6520416
3669264
137749
4187955
7947087
7259844
2104425
8509017
7259452
6790240
3020820
3325924
9468255
7130496
7644996
4325715
7402272
92907
500472
6848585
5604492
3156840
7890350
9737070
5703792
4303026
1024974
5364283
1965147
2002956
8934120
4966986
7294704
848296
3079412
9740690
427121
3107936
1551332
7602390
3055360
5738500
4561573
5374116
8238921
2863812
524475
6988932
9025520
4203822
2168105
6725917
7719996
8874405
4146348
8781576
5916240
5038244
603396
1697583
5148480
4732220
3550368
9117873
8146065
4885630
2153520
5711736
614532
3776220
2063454
9014796
3611872
2690037
5963838
6554065
6960930
3968064
4505241
8897280
2762908
3976994
7538537
8384607
9647764
2148672
6728736
2914160
8128541
5394767
7977014
6178704
5728617
8264352
4917342
3038856
3656226
8935056
3242502
341895
3356274
78605
4904243
3890204
4076265
6369236
3826332
685626
1122803
6937140
1564716
6799692
4307700
3630408
3942204
1144854
7569423
4870440
8239595
4372623
8744880
5190668
996003
3976032
421175
458304
6224526
4611492
823360
8403252
4757632
4216548
5960979
5352105
3818178
5621070
2107280
7869536
7040064
4010845
8588508
798792
5943072
9659277
1948288
9904054
928335
6980013
9897265
1718626
3645351
7888384
6711282
6880497
9892234
2593346
8356635
1367884
3003905
4257336
9078784
1433440
7719273
633249
8355256
5518940
4980766
328683
7797684
1015775
7337708
5431563
9851531
6932165
4636016
9304245
6424192
2291170
680205
359104
7875303
9712533
372750
853146
3335104
5438556
7506464
2132865
1299699
3755712
3416154
4850805
666624
8477491
5426240
5211319
2798392
8847468
7234645
6408716
3846071
1810728
8710281
6212550
7973586
9369948
6938096
9750460
1122803
2351643
7844700
8137101
4983867
8637354
8423653
2866696
2595955
8171820
9207295
5107172
3409040
2906560
8014622
1788416
9858460
2646696
3933235
6169000
4115472
6249278
1794404
4915360
5395885
8893234
7652664
210092
8338221
4679316
4700380
7605456
1704294
4458090
9737486
9921114
7337277
423444
360459
6270434
848296
5012664
2712626
6640191
1487524
6493370
56772
2887404
3874342
9359025
1593382
4247748
9660930
1088818
2343654
9368920
99700
3627744
3273151
3704852
8916192
1674198
2335971
2062368
6446602
5402850
5879603
7553088
3561654
9638272
1099364
5790576
6943008
8400780
8293536
4333596
4640680
4772194
4982874
8558248
2111256
6808096
9273216
2560544
9247809
9116568
5151843
5795724
8032829
9488892
7072310
5517108
169803
1911170
6653978
4705355
6130326
4467036
8587790
5525235
4680256
3601900
8094488
8679144
2427695
3303360
8870376
8131424
4635324
475168
1057752
1726804
6623071
5478000
613915
6851270
5296662
8735421
8897248
2662664
1941110
2731512
3208346
7007700
5005989
9317962
7033419
9668415
4112178
3451140
2442192
734331
4314585
1726325
1528122
4733215
1054700
7052866
9627135
789435
5665312
8730302
8766792
7664967
1963066
8316375
1330656
5275809
2569884
891900
4983808
965124
6892188
1965152
8078848
2014983
8861536
451896
5397948
3664972
6070733
6601488
4646349
2606268
8515210
6155838
3702858
6155842
9241193
9509312
8453824
7174945
4479490
7431561
1347136
4394560
5080188
1022950
9873402
8544096
8390186
8764800
6998442
4211088
585870
8320896
938432
6720800
9886104
4186488
6090903
5705330
313156
769135
4859484
3120166
5889513
1488507
9628615
7753669
5950076
3278212
5648184
4999955
251496
6666327
4336659
2239512
5606388
1477084
7300315
9948042
2625372
8340651
1319031
8374941
3122154
5599202
3161115
142142
8324568
2090382
5913207
7501428
7579413
5143520
5304370
6702320
7551672
4803377
6865632
6705106
2526398
3111885
3961027
4270725
4629664
9179379
5862132
4021790
5455092
293336
6947100
5026874
7551672
7832832
6527359
2125695
7162764
9865125
8826777
3413934
7242605
8018181
4274865
3160120
1172650
1642088
635726
353152
7052940
5752755
5424130
2895588
2854080
6416755
8689743
7507080
1946252
267732
6521230
5199795
9202310
489540
4760675
2046646
8064475
8256840
3955125
6263488
7924068
9689998
4617456
477563
2105292
8636692
3070668
9245440
6837298
4429773
7964853
3438558
457842
6428682
7671450
8447076
3373221
3187296
7729741
9877378
8823168
7539115
9437888
3585088
3884312
7564340
9153837
1689093
1517760
2859936
7278895
4424815
2959070
6465970
9393248
7515744
827008
2765232
6609113
5047296
2880228
395808
7138854
7921126
6318048
1440384
8719526
8169686
2974051
5811183
1300465
8903200
4482996
1354822
363272
9571808
8949030
9679311
1067860
7096551
7652545
7498437
2883594
2598792
2433376
3709566
4922232
3551562
3862590
1890752
1796512
2101440
52682
8743248
190809
8227005
5861133
7767458
5980980
9318312
3029967
9119950
2195296
4715536
671328
4313216
7189128
6174421
6533906
7206880
3885711
4116468
8886312
552108
9369621
9207295
8966688
7521975
5062028
9722952
4200644
43868
7959036
4479320
1607402
1300830
1824510
1423845
2519680
5227767
9476485
1719385
7384448
695100
5735568
9769764
1543122
1742944
690228
8555008
1066316
3361500
3629424
804692
58469
2818984
7973868
5323072
7842504
6688064
6499443
9931116
7301031
3637720
6974658
8872448
3358270
2345215
9207024
6774110
2464584
5718792
1717632
7507954
2599935
300188
9767609
9167072
3852144
1308425
3878588
4805700
9571200
3532101
8640999
7856448
8381408
7688864
2558145
4498497
6548192
2361952
8169411
516405
1127335
1703988
3301740
4493420
3542341
8664636
2103670
6363851
4207786
3940104
7607373
1495936
7382955
389463
4562676
607392
6747272
3216786
2459538
5139768
1640065
5841153
9889243
8540884
3862488
1025728
9216685
2628800
5357264
8144847
1774491
221112
6107886
5676204
3671256
2861266
2934336
9561429
2602395
4573422
8920159
6946099
4793202
940275
3285837
5868342
2914355
3973023
2049768
274344
4455591
2545210
9210542
775953
823860
8495974
8712540
1148850
6813636
8304687
6759611
221112
1248750
398202
5198875
9541680
7511481
8060000
4837444
6799374
5390779
8290954
158046
4357856
3111365
5575826
4104226
4156254
144855
1906492
3860496
7558357
591624
2330832
6833750
1399599
7310682
5911318
7790712
8865450
6517824
2495998
6076465
7217016
3148992
4860260
3922074
9774002
6637932
6917076
4980970
4669535
7663224
7104762
3937245
8275050
5092749
7632448
6285708
5185184
4021940
9487503
8940051
3022974
3876520
2435562
1603395
3222805
7766253
1541568
8438066
7619010
2098209
8671425
870381
390040
6549828
9931098
173600
5412264
5488311
8359428
1680854
9948010
9097285
2830176
8905250
3347180
5783232
2001820
8634135
1398600
4858672
4255998
6481512
6636727
9980
3172416
2918427
4325332
3258738
8482375
559488
3249948
9757639
2941280
1252624
3315681
3063405
4431759
4408845
7840288
932132
4126524
5667642
2003874
1924330
9956042
6173208
6556128
2667654
5813181
2714112
7561024
5515479
6319245
8168196
1361272
7020804
7459416
2881606
5218776
7048790
2541658
6328960
4030670
8257158
3747490
9896222
2174670
6654560
9702556
9585429
1066316
2259738
8308431
241032
2533464
739774
5452074
9254832
7590069
5657975
8832300
2294152
1299158
1221903
8243480
8222327
2250747
5592576
761238
5975970
8908224
5147135
1836320
770681
880999
8896172
2076363
1993944
5643336
3927328
9490712
1294495
1560305
1368738
7602468
1143100
5812790
2721286
8673644
4286781
8562316
7262432
3361264
3787140
2354170
9805350
5076918
3475542
7029312
8799040
821376
9199453
1026802
5968010
7012448
1071696
7065195
5341653
1477521
5129225
4891356
3941102
257660
7317336
8224309
2630780
1091715
6641625
8669668
7562016
1709680
9767296
4050550
2593197
4099104
6107310
3206574
1592388
4359684
2973024
6066636
2362944
8017190
2248749
9478370
469689
1426496
7093512
8515328
3839306
7852684
9464440
3558304
8145312
669956
8182379
2752245
2913360
377340
7529280
461745
7491584
8868228
6952036
1135440
8923955
8369228
683184
8739486
9354636
6207805
8458050
1982040
4255314
5382121
6874560
4918333
2013844
635805
1236768
3629424
3147692
9904198
7705813
7799022
795200
2106891
6856464
8840679
1583835
9562280
7106688
2852145
7166740
7119810
9239488
9388186
6471808
5862612
1355643
6361696
8364510
3188523
4169830
8991
5140544
8221770
7835157
378860
6569834
2844945
8226012
3123978
4493479
8478948
4930200
6331368
8240205
8350464
8751424
3203662
508470
5420760
1164968
180276
3756125
5982935
2884588
971180
7602112
8911080
4518295
6073724
6519646
367780
6835158
7815903
8127191
4347155
2004967
1301504
2571426
8802189
5555866
437683
1635808
7123998
8812179
315368
9623352
5793732
1970108
4676628
4033962
6987006
7865238
9201313
6875532
7323200
6300966
454632
7307072
2189119
9091315
206586
4068321
5256585
5580992
5791394
8927138
4190939
8901270
5763212
918592
1654970
2925138
1370628
813092
1902096
9481509
3319668
6528916
3204411
6784905
4728864
8988742
5869339
8056935
9278712
8808495
5620076
709864
4898469
3148803
2997867
6509290
3664332
3809008
8010981
2252486
6520473
5516115
683790
698301
4358496
5021397
7091196
2689044
4255354
752492
1223319
9584792
1590408
2944205
1920408
6237354
7396354
4879318
6247480
4967018
2141856
4161878
7813489
9514591
3993930
5029800
1100470
648396
3877333
1061592
1142412
934513
5233110
8551040
9058944
1752195
81590
921228
3367418
9702804
56715
2696301
6092864
4273536
3745494
5452074
5732750
5849399
9173817
3448548
4724028
4440555
2067328
156372
3328160
9048530
9747020
5467525
8708548
7853139
774962
3577152
9675596
8340654
9715980
1261472
7378496
9135511
8435096
6882456
1149225
1337320
2006991
390824
156843
1247500
971168
3088230
995000
3475024
8886297
9011328
465660
4678317
5877315
6388895
4136553
7727356
6852480
9439024
634452
7005379
6709701
1746500
1348298
3783488
206128
9019091
5958060
2411997
7487375
3977015
3571821
7317828
5958000
73408
9201792
573426
6904272
7436098
6440509
9590805
8235924
8647344
5037685
6461557
2849680
5153841
4644348
6669216
2349438
4506656
4075632
9622645
6708813
8292699
6008433
8856567
9341649
248751
7623690
3552954
7813489
5546724
6367648
134460
378860
483032
1987946
4913216
7720575
2522220
3542031
7213458
1057752
1529934
2651352
3102664
4744554
1040664
1829954
9498419
5815894
624492
8803760
9497052
8043136
8555436
6395913
7843765
2390292
5309360
7826316
7125867
2409018
7553862
7766122
4450581
5979009
2840096
9267832
9439084
2159150
4883648
6003934
1803573
3794253
9558844
9813856
343877
5877600
1256145
5104500
2250561
9428562
235858
7125195
3129275
804768
340318
7491584
7479960
7056096
7379976
4382546
114540
6807516
8380885
8405216
7702880
6195798
944384
4777611
1811187
1275723
3654324
181818
1245996
5471311
7094569
5872330
6436632
3080628
5467044
6414780
3517325
7669932
8288724
3752917
9289384
7181088
3926132
6923210
6887340
3655233
2196801
7703290
2033724
8999271
9042878
1581248
9703872
6797085
988020
4409164
2121048
8698680
314370
4821215
6002685
7613092
1130731
2278719
2195296
5527038
5861618
288422
4383970
7794380
2481507
5969038
9423644
2298795
2128832
4705268
7767458
4828324
7665385
721375
4940055
9692834
2897364
2844064
2896285
6262450
1712846
6635702
3046334
777876
8882328
1385830
9074816
4108864
882672
3173408
886113
5127867
7158834
3533670
8459532
9258816
2625738
3482500
7427168
3439108
278880
3449180
4479024
5780950
4648684
8665120
3326989
1771908
5889105
483084
1931189
5298272
4340992
2507400
9687025
5971990
5984736
3542825
6014979
1507464
8189624
5246635
8176741
6074919
6469524
5694300
1802196
4259595
1247500
8538807
9746468
544265
6088896
8188803
3551562
4286432
6074919
9588408
4211313
815184
6434106
5097704
4205112
7385607
2685072
5513856
9865230
5539328
707016
7668358
4608134
8711280
7583541
7597820
2565696
5172010
3474976
8617980
2987004
7348274
3340306
6015898
5203850
6008919
24925
6468495
4278176
595806
7551420
3840924
7122560
4808106
5487507
35928
9537430
8206471
2919456
1691360
3536796
3181427
4483470
2677408
5388360
7199542
5830896
1901664
4592294
1757610
423725
6900093
3119325
5598848
6386352
3037504
5216928
4795200
4731518
8380416
8354448
7345280
7338270
4226488
4157304
4383970
6447080
849730
388864
6329580
3797512
9471826
3404328
4944128
1468530
9695808
1333248
1046560
2312003
2234512
7679610
7529919
1901729
7287814
5769010
8670662
432076
9408689
3739747
4265166
5545280
6547537
35712
9827163
5953928
6149878
9716762
2519122
5249620
5750463
1434342
2444288
6585552
18943
4615464
9604752
8146845
2774651
7811062
6595855
8821812
5237964
7524468
6898296
5138180
9406730
7049787
8646806
7867465
7371504
7065495
4333643
373500
6033908
5919270
5741494
6559656
7495552
909664
4774633
367410
5507754
83832
9887301
5012954
6615916
4805248
8218068
3611385
7979648
2966096
2935118
9823749
80433
2404915
6553070
9748467
5116929
5499234
172308
3795092
1746225
4195376
7443528
9340618
4307996
5349645
5320338
4704064
8730261
7170965
9127902
2650998
3281510
6098816
4680315
5290082
5471430
4175020
4567800
9372797
4371624
7052128
1464534
2213875
8286585
3116880
5838300
8099768
8837654
2277148
240790
5635368
9698292
6420738
8534320
5444617
1531305
9915165
1285632
8537466
2597056
640359
6230690
5585806
4725476
1965087
4961028
6175200
5008928
5286985
4715178
9501024
3080520
3188047
6163648
5216785
4170451
2910087
6464976
4636889
7582548
883972
8498493
3413583
1026762
7703043
4938176
3841917
228084
3922198
8817774
8726512
4549140
5713056
9017685
5057472
8038176
2382615
1735777
8874432
6211552
3381728
7398174
667332
8013978
6750472
3538353
808302
4215552
7506464
2816148
6670480
759416
7377995
7060932
9556245
7970028
4494318
6627695
2404608
5428224
4002783
5755080
8247102
2460653
9430356
3101139
9498045
4010727
4701375
8193588
7240296
2602292
6044811
3700911
1740729
5442150
5672016
2534978
3272282
7539200
5305814
1618303
3860264
283716
525760
524422
9107235
5316678
5579667
6015978
1419432
4794458
9368448
2246710
2930183
6710807
1490464
6452088
9869369
5714715
8753408
425139
7395360
208740
3441555
7303104
4371624
4241103
517443
4658292
9496416
5917236
7024862
2162362
8281216
613674
1227771
5971023
9601389
294624
2448549
7963029
3657219
8334249
1867044
1014966
701628
197408
3703128
9657333
9637824
8934057
6960864
6565428
8124218
7437455
8191800
4457600
2566690
5683168
4126428
3858708
8939042
3351968
5907087
6237655
4818177
8630619
3100000
3004862
942400
2651675
8835756
9852546
4479521
8629628
5513536
7219435
2227040
8256735
675862
5708822
4671072
1788206
4134861
7485632
751980
5461401
5443144
3731771
2941106
3634988
2037868
6612770
3416719
6498192
7697088
8134896
470584
3992998
2297088
3730124
5618394
4680315
1410174
1784424
1651034
843341
7160650
8709899
664668
8740512
9387752
192421
3404178
4967883
7468353
6661788
8827548
7717534
2894656
6275122
4496499
4401594
2161371
1940162
7181088
4536024
761474
4669592
4929248
8411689
7289216
2781212
8700819
1110888
8819326
5966044
5461555
2383224
5922216
5700232
1580245
2215560
9394790
1102896
6710280
1771308
6985002
9849444
8703645
177466
668289
5816888
8794197
6726200
5001976
1247730
7236640
9015447
5781213
5098880
493020
6448078
9324314
7203325
7608765
9125408
2574660
7384779
8735105
3379830
3556532
892800
3112762
1362155
2766302
8969012
8066944
7749224
4862837
5447084
9117200
1345950
1375508
8488908
9818828
2034592
3477012
8536455
2945200
4174092
6048708
1252232
1713918
4994940
1863635
6639354
2394546
8653764
6507129
3458112
6829164
6403731
4251033
9379360
5857476
1638716
3946126
6879372
3491494
1239741
6029376
4238976
1401540
2244720
207119
2976048
4341792
4090905
3083616
294921
6050208
6535645
7378214
7331308
5822480
3540456
1013880
3134720
5484497
1884224
7123724
4098111
7446078
6530772
4744944
9133857
2977044
915246
9970020
371382
1273314
2830483
7831306
9595464
9069069
6380800
4744736
407184
1229064
9127110
1757170
5473521
1070368
5353641
7984932
198602
2510968
3977033
5352893
1359540
1913085
3491004
3233763
1728064
951294
1359639
4197876
190236
55776
9519538
398995
7410701
2386010
5701223
47616
7419674
8584170
9731260
5223470
4410432
2050695
6198349
9885280
5558860
4720133
2123184
8656974
9044406
3919207
788836
5997996
8353638
9113577
787845
6196032
1233056
127616
900099
4378570
5287086
5177208
500976
7201791
8571262
279720
5682312
4968874
5980768
8521926
931134
4239808
1260208
899100
6420134
650752
4529371
6484415
1051715
2758699
5801978
4747714
903372
6502491
3743498
7118817
3508269
60695
42699
273452
7722762
9451560
9745245
9020970
9011475
4905420
6952080
850584
830148
7518368
6201285
288260
826845
6970032
9494431
4273872
3643907
9219648
8864127
8156764
8715000
5905325
4655718
2171691
3761235
2963062
9573214
8463533
3956096
1069376
7988576
9143806
6903306
6134968
1214439
4630656
3171825
613386
7976672
2538804
1883436
5072922
1436122
7403761
2966063
1027835
387224
1316384
4257468
3814113
7466194
4191804
4319550
6435554
2458128
5854580
1304480
3950136
601398
8059632
6843286
8153030
7624512
7179168
6098355
3658496
9876378
7665184
3172454
3743498
9764256
6267828
2034775
7308275
7438617
6322431
3412731
6560433
7501966
3492832
6968874
4730230
1995994
1347588
9417612
5188925
8419128
7966752
7949018
580320
3759237
3450660
9369905
2788344
3842438
7092900
5259584
3722052
8606750
6308358
1976022
6360254
2918152
5474409
6972021
6706287
2637051
5690405
624860
6219536
7060850
4908372
3227968
4972032
6242751
8957649
8261142
5352893
4371444
3302694
752928
6358720
8643296
4587576
1509886
8759128
3949155
4176819
7011676
525760
2548195
1063799
4913342
2984982
320037
6099184
4898432
7991952
7831791
6719631
5562483
5143950
7662208
2114944
6755055
15856
6745248
9049024
7371228
2716350
4571483
8813920
8968672
7487375
7537894
3966016
5292394
2585152
7902290
6225996
6427188
772452
9324800
5038368
9869369
660676
7531155
6552448
6536457
8528877
6439072
3237000
1869920
1040868
622244
4117605
3921330
7774218
2466112
5919264
5878516
5554868
5866520
4435653
4753491
2504940
4843936
6598840
5557437
3057235
8177814
3582465
1065793
3659610
9348025
3937243
7399593
8789179
2691752
7774776
5021936
8248470
4303716
1402950
5432653
3970054
9384354
2552320
3509696
8715996
4898385
6399372
5495499
4618443
7501428
2167656
2439558
2439842
7777597
1990
9490101
1636775
9546702
9046778
965124
951048
5263731
5833685
166165
9638352
6235362
3201584
6080913
9322726
9697819
9915105
4767701
6618086
332655
1388800
6858456
5840826
8014883
9871297
278442
3239720
1279570
6707064
8892324
947196
5866644
4057154
7017883
2177448
9559904
7868544
8693840
6749568
2229024
1360536
3604524
7505958
1293879
8645484
7863485
6723416
3555441
217346
973092
4134046
1953231
7211548
7768960
4628367
8250837
8148002
6821984
7100943
1454788
5306688
3727270
4037538
1299396
1393995
264404
1095804
8135328
7935063
9346035
7912224
8035896
3570828
5595186
9431936
3319668
2764512
1169481
7716225
9155835
5822616
7392384
4168055
5493501
9011163
2600384
2946216
4684460
5730410
4404865
4596170
4841432
7537502
8721519
388654
8566832
6870528
3976032
7230033
7602764
9496676
554332
3576420
2891616
8159832
6573984
5120738
399990
6268809
9015296
2178445
2390806
3084983
244265
6821984
4562835
8526344
149550
1332666
8639328
9330228
4550880
6358179
734080
5681184
8476494
1002946
4833588
8061174
5425725
2127598
2880693
5407728
2263625
5416578
9519356
3195801
9368448
6398178
3024678
2726300
7330310
2366508
1592772
751464
7817715
4848528
5372672
9648342
1692352
2676691
4257984
8429120
1394337
5777796
898576
4402320
9804624
9428960
9631328
4973937
4452120
9473600
1418870
902097
7113879
7647288
3184812
9255490
9468522
7814910
4271886
7921063
4122595
3170209
7580562
16898
1287616
3292455
6564384
8934117
1100128
2511380
7854656
4867354
1591608
8541696
9568548
834120
2242464
1960072
5224745
74700
3212608
5909219
3098676
3759854
160678
7022710
1547225
9516256
4582340
6510410
9658465
495500
151929
1939294
3811134
4621095
4038432
9815465
9334095
5510484
4635898
8691904
8507392
2949198
4259736
2979000
3706375
4623015
7615584
6932165
6066842
8288390
6504964
160839
356643
4364800
8936111
2746061
4862256
9649248
5198124
1894792
7285400
1176317
8581410
8461044
6016480
849444
2179632
4588992
7306894
867125
1219921
1864744
7665385
9580800
1035963
9765248
2443720
8063928
550560
5589798
9274414
7163232
1574496
3627106
8061742
5501904
3589806
6478332
5819072
7640384
4149317
5987712
7577920
3472551
5120436
5098658
2644672
7368970
4107872
292640
6672921
9025377
2084913
4802712
9359631
4136553
6021816
2375240
7562688
5705560
7812344
1442750
4456064
6718275
8118528
284991
3696876
2448256
6590220
2508768
9672160
4246749
6868416
3405444
3664448
3287147
7952000
6647142
4471044
5533461
948100
1990000
6059856
6699574
1061805
3045695
9935090
8466525
5888456
6326976
3490506
4840155
8935056
593215
3772224
9317856
8508384
6437650
7119732
3022860
3124738
7424572
4254320
2435760
1223775
1091091
1063655
9050202
7834426
548688
4848819
8963030
6084425
7372226
6608112
2779407
4454114
4510041
8414210
6932108
9770600
111216
6868125
5036598
5804085
1617134
1736275
188244
7500968
1093608
772338
7467776
662979
621504
9591106
7885273
7518220
8523912
7739110
1800392
7839801
6506960
9621408
3968992
5602506
6556779
2068320
8836707
1149064
9702245
6337744
6407719
9258475
4333596
7033904
8572419
2953182
5609385
5464018
6546208
2252223
5530616
9527906
8687757
9225219
3618468
8533842
8723750
8725155
7873309
4339195
4784122
3828888
6926067
7236984
9254140
7981734
2276640
8474656
9057933
2391564
1613890
7629360
6239019
8546284
2363264
5770005
67864
7229362
6113901
4605202
8599766
2552320
3755699
857282
1989988
1609384
724626
6318986
5563656
246506
3553878
3849147
4065930
3856512
6612748
8419536
6109728
4270219
9521528
4676628
9815580
2038694
5591900
8750030
8327732
4217310
9903201
7355680
6676188
8129691
9314334
1245740
8705804
675324
2097796
4590639
5068644
2671960
8610381
602580
1519203
9797931
2594403
1785627
7977994
8605338
2914408
6629268
8228991
7911246
6170433
1669975
317046
6370546
9666180
8707245
7036526
5366720
5287086
8623212
8106852
7644680
3716816
9863423
1923390
1359276
9390272
3235740
8237192
44865
6461888
1606411
2201796
7940883
4485266
6193364
7477696
1426572
5662260
7660648
1934064
4955040
2170698
3159312
1985964
4289404
4303296
8942958
9213000
3731771
9241218
8829756
6611107
134190
422304
7806648
5691144
1873125
7212464
1657341
4440192
3752917
6110754
2097340
5670272
7535736
1358661
7600422
6049064
7795050
7175686
9835155
5820624
3915154
240813
5318640
8941096
7000820
2460150
3524395
4248486
3343200
5103027
9758211
6738326
2537682
2983965
4500495
61690
1956210
9310798
7194976
8826720
6424192
1652346
7243935
2663520
3893285
7598436
9143847
9561597
6101496
2354786
4025932
1247988
5737502
5491476
6778440
7749470
8383899
9508968
8757140
3957070
890216
8597770
5735568
5781213
4342560
7533332
2039622
7398806
3895194
2187010
9879357
9312338
3167280
9726665
4874576
6191885
4877616
388472
6210512
6481140
6894400
8390797
3570448
1885873
3970044
5621373
8799660
7377995
4797312
3590197
3788960
2734520
5435192
7950012
3515422
3306336
7490502
2642373
5062668
2914160
2427570
4604864
2147040
6104484
1465533
9777732
5118720
1947051
962192
9055340
6953078
7749470
3500940
5322255
4346160
3995712
4607766
745506
4983012
9484512
5018898
4997984
2994
7400330
8695834
4026528
2345088
1580645
6386352
9345588
691918
3899267
4782965
8089902
8714854
2059298
1396570
3349780
783852
7936120
4932192
5778521
1856032
6691608
1506948
5337304
4680009
6370234
6121632
3506972
1448787
8101664
353225
6701952
1359792
7379977
4744736
69860
4060692
5201759
7978656
1365633
8424612
430272
782890
6456537
7251468
2474042
5512933
4664963
6980964
4895400
2235765
5048630
3940224
9340893
9092310
3281510
5431200
194432
9588124
9010482
6903090
9746295
4598532
4283475
4357105
4598164
282717
1790194
2931336
1469100
1824141
4594276
552664
4960060
2631366
6081952
7474022
5125728
8980976
456086
1551447
5866520
728128
3826251
8781732
4098897
7049575
6474203
4990
9180376
8471068
5039475
2490964
3525978
4133862
5600776
7978956
3296394
4329245
7501428
5741344
9927106
9715530
7779410
1497958
2511443
5069525
5958993
1858016
350529
9301689
9849546
4627077
6479886
789624
1708858
4419790
1851695
8485185
4862565
4122936
9644672
8829702
1655352
1897465
942357
7668358
1131027
3711834
385065
8601762
7970945
1829652
2833760
6132544
1910648
8411689
561472
5397420
7452066
5298020
926280
6524924
4710016
8928000
4859864
5281788
649422
1373920
6029496
9177144
687754
6239940
301396
9110220
1480034
1266356
6031962
6713798
3817954
5522932
5207088
7210782
6487269
2918079
4813184
8095640
613674
940371
9021073
3373636
4423572
5226534
2156796
3252482
9114747
9774176
1652988
9589118
5155182
2680317
2640024
7253868
8779212
7137440
2344473
375624
9633590
9215374
5355090
4926216
9170820
9796000
9603781
6717989
8845274
3296104
3119172
4953056
9909204
1124928
618140
1238028
3262605
1604688
1868720
4503680
9835680
4895450
9894228
1695051
2372860
3860384
63424
3432216
6444473
290418
9495762
6007736
3880644
6996460
7966752
8681310
5104770
5729265
8135856
6419136
3251374
9758960
7375617
8709024
8454964
3582000
106572
3717072
2895588
6712864
357642
7943049
6126022
4436559
5282712
1848966
1706580
2975050
9189801
889824
3643616
1392186
8148558
2149479
4280164
8244879
5488158
6738498
2088279
4583412
7426653
7745536
524304
1682628
9756234
3787456
7314016
5438556
5027735
8101764
4727526
5595872
405960
3558438
9602107
1118118
5864248
2987014
5180728
571704
3470016
5291697
2618840
8869122
6925182
7247745
3492284
9078551
1955043
547032
3098790
406310
6917216
5033961
3875744
730848
4949108
7105908
133598
6227410
5418294
4128894
2614258
5599150
7303668
3922248
4503814
201173
2293788
479076
7395180
9602040
8870224
4930065
8172930
3536879
7109752
2301756
6699294
8281404
3809280
3783164
3549376
9634308
8512352
4731225
9168822
1242756
154845
8186594
2868129
8138511
3766266
4068055
2993895
6690592
8864512
4124106
7538724
9387603
7667634
2198172
5296385
5775426
3768608
406955
7737494
8771056
2388408
839160
1498996
6812134
237327
2846931
1472619
1353645
6631362
6056565
4604772
9928014
4979895
8866392
4144980
5697834
5022594
2700698
4754472
1211910
5481360
1748124
7891360
8862528
7587202
8483584
8414682
6977018
9117384
4923228
1075419
493012
9016930
8830304
8030835
8518788
2683628
6506136
7233338
6921072
7992982
664668
976135
6279714
1722276
3688608
5088430
6064644
6714260
7191008
9226308
4089694
9836570
6829450
7375806
1525696
265131
2382618
8811936
3794760
8377614
4228767
533696
6898296
5764448
4822632
8931883
9447525
5276808
6174819
3917079
367155
2051760
2603646
1553052
1891210
4924287
9451776
9277713
8779740
8788050
7389887
463788
2745070
7294966
1969092
107568
2418402
6187600
9058146
1067556
9252160
7411581
6456062
949144
8891252
3837834
9797519
9464868
8306445
4522924
5527424
6859254
8132702
650096
8544065
2110395
1109889
1894204
5796256
2772225
5969856
3838584
5556828
4709286
7095345
5669638
2195523
2788209
9324314
8513808
6582564
2053604
8857558
4677318
2335265
9638684
9970020
6973760
7302690
7186620
6278739
9469996
1035699
4083816
9209016
8119200
7667927
926144
721278
2204692
4573834
4146523
2288115
6701757
6372608
915400
9542400
5208786
5096390
4635705
2482525
2909438
5218044
1380618
819880
1097376
5034700
6453048
5748791
1513332
3270624
2269302
6995845
1817190
1403528
5999784
5102202
1432354
1551906
8712220
13888
8031232
191040
4511425
4737506
5015948
7151830
477600
5082912
8678820
774326
7353220
4602776
7398843
7867327
1034706
5437180
110001
299100
3763284
4769648
6040419
6279416
7288375
6645348
5420689
7958010
5649002
9706720
9801834
4314954
8816847
773672
4191935
9553334
7441088
2949216
8623944
7649670
7269127
998928
1555610
1733259
5261868
912492
2721325
9907212
5534592
5869664
7622370
6223434
6336750
7724547
1938216
7249893
7459970
3813368
6915142
4586667
8413683
9609261
5250984
2625159
7008480
7270124
7727514
2276560
8964704
9054854
187299
91632
7712245
7248190
1475599
3076192
4947086
9065888
1890312
9213696
1979034
7677897
2072181
3622452
1579654
8093330
2835015
9773008
469530
9701760
5311760
7585407
2302104
3753728
2073484
5602143
1574699
6320240
8299072
161352
7835298
7593471
4531230
9144948
750944
6281712
8787558
2390985
5645349
9412518
544812
6283408
9756970
8850141
4415580
5581653
9209082
1687392
5018706
9809888
6306724
8063328
2261462
5734260
7738492
3561105
7062048
4839053
3199686
7221271
8209446
7608898
4962072
5782412
9196173
2328334
7663490
2954175
6314270
9635493
9001408
4703112
6762182
3838450
1054566
9849568
8004775
7897095
1737984
6793860
7210848
5961063
7772320
4984980
1732268
376246
7690858
3018778
9685722
4539996
5222772
1738743
2081100
1768533
3978865
3091209
4281485
9140682
2473570
4716300
9308928
7568960
9368955
34790
1274019
7309007
267655
3939106
8841630
8667630
3829120
4360635
750470
9070572
30938
9057153
308512
5306034
7614735
8624367
1846720
1310736
3372055
4138022
7044802
1909089
1025769
1703295
2155986
1949280
1492479
1488018
5711064
1184649
3436114
3133728
7076706
4606140
4432200
6437100
5354816
8592429
2930067
7607373
9227508
2771660
593810
1619754
6958802
6859530
5504340
9313974
7734477
4229016
5922240
1259398
2810476
13888
4601520
6155664
7807765
5460960
3629094
5624052
5645727
7915168
305158
4286432
9835405
6092901
3110370
5432192
8470521
1000998
8760975
2549031
8957048
2995996
9616950
6127803
3416378
3903178
1800768
6604810
4410162
4948063
3723524
2344302
1574898
531468
5842420
3593188
8776026
7006860
324044
2131728
2072846
7984487
1731530
6220020
7645107
4634056
8243138
1547942
1563296
1420296
3806190
7371552
8648037
8237605
9878328
8894280
3577152
7638156
9392800
4460032
1110888
7626496
9966028
9168412
7971015
409590
8270304
3581120
5071251
6261504
5386032
8281620
173130
3992004
1921504
4126908
1213349
5641353
4527250
7735257
587856
8060181
2772657
3083265
9593373
9599762
6419232
8482960
4074834
2049832
3886110
9305490
9683340
8890304
460752
6048224
9156840
9069824
8062776
8245565
9103824
5547264
5305599
4181814
7730656
860544
7606756
5725007
3514340
6929154
8795800
9539882
3975021
1761150
3034682
2921320
5546520
526473
6972021
6186656
3909237
3295767
3103661
295812
4631065
7906270
3445551
9797652
4995999
8470435
3828480
2230530
5997996
9608744
8968023
2082915
5226526
6214546
7950012
1333328
257705
8949824
710861
5021765
2632096
5566844
4455540
2762904
2703294
6978972
1576681
5550496
4656987
299495
7517010
8644560
2713284
6220832
9635296
9666180
7414740
3106104
6513401
2544344
3102894
5668640
7701825
6925162
5301693
157052
4761672
3525568
9494972
4655340
2170496
4708806
51740
5228766
9297660
969058
9710547
7515024
2938200
2776782
387224
4311360
220779
8521922
3280210
8009538
2518884
7419617
1263808
9833508
9778404
8758458
459228
3472992
5466551
6172630
3281536
5210558
2161836
7626372
1906344
9206103
7715926
1677951
2075154
8850621
2505461
8331135
8024918
3190509
6160572
6520380
7576268
9139830
6489390
6313348
8275416
9954036
7604672
7411232
3624785
8129440
9634502
3188610
561180
5330959
8576832
9664435
6997760
6460056
6828780
1369629
569712
733088
4490221
1399380
7144119
7333548
1326672
8282008
1227307
7404306
8919000
7896320
5417144
1235292
4395085
1021977
2018855
1092712
3394602
6403348
4207341
36963
4877226
218460
8366400
5927200
6075328
9921118
6787576
1515385
8079688
4888492
1097485
9412677
1937171
1945053
6319674
3720276
5568096
6657812
5576824
6257868
1480545
724275
5353641
9274716
4400328
4094794
1376690
3081727
493024
3660480
5218298
9760288
6344120
6949883
1458144
2634720
9201792
1768736
5392344
396010
7543704
1017825
1614885
8220690
2029692
3811386
2857640
3676352
7679891
1811724
9824438
8161467
6290394
989028
1461602
4630365
9400713
9502836
5689656
80757
2209930
996000
1299201
4521706
7759450
3171825
9704028
5088802
2024778
2630457
8135520
5673321
9434054
4880595
2739756
2556780
9334294
138027
2762120
5464479
2427136
4527816
5263731
4255472
8585794
7397825
301788
1107072
4888576
3791116
6863616
8617736
4367628
2651023
9626708
3578144
5125664
803196
5706084
5561152
784266
2433376
2845298
2419941
559059
4274183
7569224
275615
895104
6335556
4431759
9767772
7082076
8152957
5539562
7859616
6006876
1196352
921078
5032914
8855254
5882212
9250788
8028655
5147254
5449545
9828738
8930129
7099325
4477500
4375712
8855574
4405860
3572555
9717498
8188572
9987003
9434556
1762145
1728536
6153854
552447
8809822
9784558
1638360
8686861
6949952
5196798
8662144
5914288
4855500
5204584
1711200
7220715
9779402
9798516
5457064
8665326
4287780
5038956
4741175
1362636
3253760
2287416
4326882
1012886
1761368
3133088
9427968
3011769
3369400
9788688
7202912
3232755
9347576
1210915
8279712
4348647
8266460
4598784
9344646
7838684
6184920
2997935
6401360
1867615
7696092
8081682
8455536
4085470
7414662
8764955
1639359
985056
2312044
5453595
4423328
2102786
4099784
9677778
3264354
301485
3078530
9895275
8583865
7478514
1998909
2187137
1907178
5943027
715953
7081686
3028780
5587274
1485509
2172272
8429120
6172939
4942165
9523467
9874368
6022930
6614744
9619424
3836312
5449584
4010727
741024
1141712
6731547
4571406
3083820
8000343
8952063
3953124
9905210
7244210
8785394
5081181
3472042
9762272
6973018
7919136
6283074
7409765
334656
9753454
9009181
5749782
9249852
5863357
3234518
8186367
1243750
1417734
9631698
9911195
9411204
3386130
2819830
3298698
7382950
3525718
750496
3043841
9268426
1625888
266928
2816002
5205578
9634356
8159200
1912168
3191805
6296990
8132859
2688320
5638790
2579430
2510752
8839402
2523474
7321328
853846
3968955
9017928
4035960
3105655
1070700
9926120
7856648
8989984
2312352
8984850
3720214
2775616
9930060
3924336
4187232
3711596
7178925
7309352
9003956
2123872
461806
2942104
4486374
1109889
1475560
7817604
4010985
3823173
629107
9911079
8636121
6486405
606176
1182816
9141680
6981783
767690
6661332
7562245
8968862
2116365
8887340
521325
1786407
2941106
8163216
2325672
5722020
4971038
8077694
9097380
3407746
325038
7087796
3748374
6222530
8883198
5456581
584652
6744608
6547446
7938054
1815360
6816745
3775836
1974024
3958038
837099
5124870
1622376
4840780
5099055
9014304
7053864
1655020
2810712
8742888
9725510
9066924
4148544
3142702
3094572
8518368
2734494
8760352
8972964
7810498
6977880
2605632
9704552
1349742
7702880
4560224
5542544
1094604
978117
1821350
8136384
8046920
6468024
2728044
9414671
4753908
2094903
2095352
5839298
7433148
3431565
6639354
8744584
82336
9348608
1233056
376866
7993748
3315340
5791740
4477338
2932300
9435108
2769664
4227606
7822954
5510736
5206566
4246435
3343040
557442
5472034
9076800
3792110
8393292
4651920
7220772
4746720
7102497
2564320
191616
733572
3682044
8241484
8117210
3446160
4320160
1281717
445857
1099691
848160
3603778
1965138
7823580
2095800
2045844
5215936
4214820
1443822
1365756
8039952
7950951
9614464
7970720
6553152
5677216
3577236
4529922
4547550
4851936
101490
4384095
7479494
6757860
6202791
7761408
2964060
9774880
4344294
7751050
6347280
3638388
3490928
6989523
2219104
3763648
5869570
5528796
1359540
6926120
9302688
8483370
3314272
6815107
4983808
5243492
4851144
1013793
1411332
8322418
3581415
7549430
3131922
3991005
7633440
3389540
5980980
2040682
984028
2277254
7292700
7716917
3614177
4096274
1989005
3448192
8629706
4493994
4364235
933192
3744252
5034700
5405372
4591303
9081184
4327620
5647908
5404590
682799
9361830
3831987
4818785
8786144
7858252
1080834
220116
3170268
909348
664668
151776
2425140
6429675
3573423
793612
343877
3413396
9421437
2710287
7014658
6206325
3550968
8343648
6020448
145971
8580800
152235
6853728
7231350
3284808
9256450
3367263
2990970
5351643
4931220
7447048
3198208
1139716
4448599
8832615
2092806
259220
3806169
25766
492507
6009424
8774148
6934027
4993905
1729269
7076706
5764647
7644114
1947141
446656
4449590
6203968
266466
7972595
634092
4992736
1983982
121024
4711008
6517824
2829305
2301102
9052644
3603936
3063296
691718
2180045
2259202
7323588
7294698
8918009
4952043
142704
6372130
6607464
4781970
6814959
1461602
5734575
163515
528736
2357532
7619289
9885325
4077258
3758690
6726908
9454551
8417574
3707843
8977600
7163445
5761224
3021975
5729759
1579264
9158646
5192840
3019825
9148224
6953847
7219110
7060850
2977042
3691305
597000
4768218
1218558
5558814
3140550
281868
7297724
2797440
1747452
6726752
242271
6473028
5247012
4328974
4963042
1697598
8324318
3069672
4582970
6109756
5631056
2047406
2084727
4140010
6966888
3810534
3241856
6797546
2922432
4454615
191263
7084802
862665
9472400
5176424
1125744
1977060
5141308
5491712
4778602
8705631
5453100
8701816
6206325
3020568
4749135
8375444
3442176
4743726
6076812
977120
8254163
1274446
5104832
2609520
5269851
7382900
9425148
7156551
6804525
5989696
3903483
4689306
3213088
9241749
1334592
147852
9100270
301485
8823318
3417579
5033912
6003760
9887249
9388330
4629071
20895
2042670
9111408
7768239
6191072
9926084
990009
9161960
3490506
4580415
3161487
2348200
348950
7306643
6290272
9549358
753732
658680
7095897
7469524
275061
3272282
2006940
7807765
2937060
2078349
2257740
4450581
8671656
8753458
8874432
5533776
1651034
2652348
9014976
1421094
8544876
8915134
1820522
8336294
8325312
2467605
6194608
7518368
2180200
7447076
8446584
230144
3800384
2367499
534772
7687806
959114
930201
9192340
7851693
7192855
8223680
5738881
6636650
4430272
3185208
6247290
5267151
5902296
5553290
2407900
3407746
9903063
9738484
3139857
7636023
4490221
3430224
6788205
5702840
1867131
2124864
3902094
6254466
4376582
9258913
606112
4333056
825183
2261350
2688612
2545879
2980960
3262998
256452
7526304
3400767
6838423
2985883
2625492
3258332
2236236
6187600
5358337
1296858
1747498
7121871
1558592
3012962
4534628
2335900
4022844
745984
6293375
5409348
7743090
4216000
4213024
5405372
252494
1902096
7792233
5844414
7408716
2597400
5420574
4367214
5706771
8156764
5876574
3180816
8874405
6627282
6642902
9681350
1529469
5758460
6688305
8452539
6972846
7386414
5411805
2871570
2287416
2737762
7394304
8359845
7300930
7498528
2304075
5590912
773450
8684596
732320
4625082
833127
845750
5536180
9404740
2144058
3987003
8998860
3332255
8027964
1559834
5301627
4845750
8404158
9148842
8808960
4305046
3434806
3840444
8164827
890424
2720330
4231008
5324245
535389
23808
1037961
1295490
4288767
3789288
8215008
6391420
7479012
3346650
5052384
7017816
9124356
319424
8399268
7330750
2545059
6155360
5911260
7149842
5988000
5172537
9693290
5087907
4367248
2841156
859072
7358634
1353088
122877
4128082
2497856
2191200
3366678
3889206
1397794
7067485
9678944
63872
2974051
5297061
8195796
5111964
5683932
9677115
6228259
1644069
4574015
2374623
2260471
216256
3702395
9900210
3493275
8218363
4610760
810744
9577806
9489108
116181
1785213
1708576
3852280
3810141
6165644
7450479
7828312
5301850
2095694
1469152
6149496
929204
1532844
1091812
3354905
9906216
4955
8379927
6282080
6851270
6816624
7519360
7320960
8859420
6102784
7447500
8009262
9239751
8240544
667645
3503493
5993880
2132632
7199936
7247476
6678686
7765227
4936059
7031296
8294670
9871414
4351905
1079575
3283183
2088612
212361
4566429
558924
1111167
7848672
7511052
2832477
2502892
5899308
2868585
9183807
6389773
3738645
4862472
3240864
4008741
5474952
8793198
7173624
4925250
8998966
755205
1074684
4779422
762848
8329662
8155248
3674628
6285708
1825825
5629022
5406166
6202976
6083694
917600
6813760
8106265
3019772
3682314
8373950
3608865
4641844
3555708
5102892
1442750
6941114
3428860
7663642
6032847
4018946
8158752
5124461
1736518
3226524
9315675
7510948
2541230
797755
5018942
8999775
7574213
7915183
6008958
2421148
2400360
7775418
6823968
3427132
5128425
2883114
3038496
6144448
9433920
3212822
3536230
9057328
2183814
5080712
9052188
1407764
6710280
263736
6177816
303858
2683800
6069056
6315643
8718688
362706
6138254
1600465
4050882
1289907
1407220
4898385
6505143
4370625
1962140
6770223
9594772
7425563
9678944
7098330
9792198
4858749
1514484
3048598
7757844
105470
2538676
2015904
9852528
4503814
1090314
710547
341248
1630095
3264178
9583840
3865476
6717824
8647264
3143452
9298452
2625805
6784404
5400594
3687511
341592
3447689
1454788
6625368
6101892
8769612
4533634
5793032
3580227
4935210
8522600
2993991
1830648
5086572
6421731
356846
8844147
2604164
3867873
7768224
802776
1102346
8962898
603396
6799954
5071836
7380450
8028538
9506820
1089525
2980928
2352180
1005984
9588124
4266592
8160192
4510428
7597443
6460458
3303062
1918228
1542804
9109744
9081528
6499974
1022826
9188825
2416855
1645401
3376440
341895
7538856
4928256
8476405
6918183
9194187
8093148
4481004
4575010
5759692
2394202
3821501
5752472
3402594
9502640
305844
1116992
634810
8678016
6408797
6625368
3817954
8682873
1719096
6096365
2973991
5753470
1080288
9537088
8225300
7346085
4489898
7112436
7261151
1371720
6882291
8242528
2633436
737799
8614275
7378920
680205
4060595
7011901
4187722
274068
1690912
7780408
290656
2589370
7264142
7843654
1096700
1428264
5235398
8377914
3567429
3996915
3714556
8524764
9316864
2629792
2952192
9489816
3871545
6796972
9775410
153760
537213
6040419
7160523
1805602
1094064
3290140
9910180
5195136
1383648
8837700
5595786
6919212
2645698
5337780
1140568
7048790
8546284
2636415
5386930
7158030
7902264
4025970
6958880
9174156
2839858
2642052
7871121
4634388
2692305
8703265
2463587
4667328
3513095
7311864
2593447
641478
3358912
6795198
7910250
5399595
2823810
7655037
1972096
5054240
1542250
2659635
3822174
1649349
210940
6549444
5430717
5850864
8181810
7369965
4743561
1307781
6759035
7975003
4022895
8263360
8077641
7969992
4145352
9294894
9704798
6753678
4495311
4329864
4477028
6765442
8383200
7084400
6580413
7605116
4006814
2059568
2821966
750741
1333300
1763776
9601568
4658163
4216992
5032914
5786920
1008964
8627364
5640354
489510
847029
5882112
1680854
7315840
2078349
2121748
5555466
4008937
7118580
3007989
4636016
7087220
1352646
4197798
2366319
3167469
2073484
7370560
213144
4848528
8299900
2181040
99600
3122310
1105328
3068766
7525574
4760080
4180530
2708650
5434689
5715801
5849824
381618
8253440
9912078
1004964
6085420
7266438
3805549
3747490
632820
5741344
6508295
1137432
733056
5687420
5616775
6946910
377863
4312832
8436078
6659058
7355460
1745151
9239751
2362512
5716088
8891330
1569429
8787197
3670326
6521031
6803190
306837
6916252
4277182
7904256
7231761
8364830
823350
9006898
4387616
2452710
4388794
441986
9212705
5858472
4126583
9442248
821539
3547586
1816704
7017816
9473960
426426
4370310
9092425
7477862
8570880
7111748
5123255
9282564
608474
7192800
508491
3735872
7516628
8171674
5977992
5753892
3692888
5109885
2083914
9427108
6040419
9741249
8984406
1313074
23808
7146300
2843952
4464531
196606
2458539
6341856
3124623
7318674
8175616
6559263
8078405
508928
2548852
6980012
2501367
5149125
8119568
6090540
8368995
6576276
1156356
1215343
4089450
9237504
1546347
7866236
1615968
1534736
3501203
5124870
5402913
6025924
6803930
6164244
1349487
5934144
8545418
4839968
6192880
6557664
5737735
7553402
8204787
2691192
8199795
1071271
7727514
1481555
2649632
5390910
8962818
1122876
6643664
3170070
2218850
4927252
3997818
3802467
6264729
1415164
9945045
3835846
2225815
9234528
7608640
2528295
7358175
8958752
5037592
3327168
15856
9181373
2228292
959264
4321152
8991888
9564221
3852928
6881112
6137504
6510700
2700297
2673565
466596
933192
3971968
2621746
2920372
8912183
9831417
1176822
772338
5676448
2956160
4802712
7654272
6632962
7425180
1092510
126619
9151758
5144340
8231940
8636352
5267865
7766226
5572995
5780950
4583412
4369244
4300728
8340207
7990560
4728458
9047388
6572328
2432680
8263728
287390
7943099
5165256
8341899
6603450
7157256
59520
2699704
8767940
1626231
3370626
8899232
3275584
2427136
844608
6139344
7163502
1080918
5075828
1692628
3491494
1862268
3658212
4024889
6855618
9716976
7901301
862917
449376
3964000
2294097
3074550
2707290
7278425
4142185
4260462
5464540
714132
4649682
5763040
2302093
3936252
9774412
7571625
7437132
1627527
2321676
4667100
5574985
4802272
4203369
8884355
2092001
8443904
9760288
6822328
3985014
4350490
9441257
2815528
1402265
9517550
4084596
8015720
9827615
735048
9707404
4955100
2981952
3923195
3713584
7424568
5951093
65670
453801
6420735
9511479
5900406
8461530
1608393
4658981
985050
7828864
8083800
7949076
9511586
8462916
9202755
7400788
8858560
8493320
4894273
9147668
2778219
3899511
5266728
4278717
486570
8342642
397391
6939040
1898540
3962018
5352274
2840206
7787865
2373857
990024
7834770
5987712
6573660
280872
8145676
3022860
3684030
380702
164670
1350935
7650668
250723
1677472
2493946
3248226
3902258
3358912
5548880
357751
9270648
914249
1326342
8867488
2936301
7736720
2197734
4627070
9718737
8602116
7607110
5044190
9255151
3475968
5091552
6601392
6520473
2293504
6946095
1830332
9363488
213358
2674560
7747245
1310760
3508908
6721225
4425312
9067268
6200000
2337152
4463570
7282859
7238928
508491
2782386
7539890
8042144
4899096
7378920
3458590
1360643
2342230
601758
1857141
9709696
8801952
768231
8627646
5850276
1328325
4904091
1421536
2164544
4860575
1725331
6373600
2330667
5778792
5385492
2315700
2419941
112322
9827678
8900091
3313692
7740278
3861492
1598352
3309312
2540512
6444570
1627178
1698574
7350480
3434208
1754484
2658640
5447598
3922198
7633640
53838
7038082
8033508
5013952
2608890
1759932
5070838
2025604
9913119
6272721
1889594
7758170
9114876
8223362
2643047
6067072
1584414
5387480
8517200
5022972
1247247
246012
8517312
1953261
2749404
589818
635805
4486374
577753
5625632
3408049
6764229
8573250
7772424
8982998
1370496
582891
9629702
5700590
7098957
838477
7265781
2163552
2338882
5942080
8771220
1355643
3563858
6968712
8103873
5715500
226319
2149692
5481221
2902344
4679264
143695
2350810
1694900
8100434
4430208
2593716
9090646
1843008
7764267
9389601
7770950
4124106
7566976
7330941
4153676
3208346
1765687
543171
6971776
5248746
5201576
6048605
7049448
8337516
7143684
3259193
6827318
2097947
8767377
8440585
1177457
2595798
1962068
5572832
8601082
3257199
7664220
1996991
3301695
1268904
6343125
440232
7122210
9440451
7745400
6188805
3314358
4189216
2133724
100091
9629547
8228640
1459665
7061223
3408049
118048
1939329
495510
5720536
8084673
6621730
1659980
7558020
845154
8774240
5612113
6000943
2818680
6202976
2024778
828162
5850504
5520936
1909474
2181240
6082435
7638692
9924042
8652660
6579249
3780351
2601786
5992932
5718880
1926264
1309440
6469036
910176
3888460
2100897
8789552
8092649
3295767
159551
8798048
7126761
3876520
377571
814432
2390985
8505260
3396779
8964704
8971968
8949721
7334658
550788
5111619
6206536
5023379
8104640
9422118
1142856
7155806
4166400
4418850
6233390
644150
4762746
5328600
8003988
2819264
4983014
4516576
9146788
1516380
4188950
1816360
2730528
218020
2567688
20895
5459419
9241851
7719996
6511950
3091209
2696722
2380040
212574
5106634
236052
2272163
4072160
1008910
5467458
5031963
3610548
6699574
9466656
9436042
528736
1748976
9879279
5645686
2318688
7059648
5797865
5288718
7437024
3446698
7962784
3309687
6209556
561744
5419140
9289384
6727575
6458347
6523926
353580
7514940
8324318
6782915
3923360
4562564
2763519
1655020
1792800
5101776
7840600
4900495
4104226
6024634
5094090
3219306
4691882
8827438
2271166
5616444
6393870
9406695
6712044
9102335
7501718
4039956
9629361
9940090
8474656
602970
483545
9811179
9549648
5691313
2451546
8610744
8587744
7397176
8280744
2288709
258651
3141852
6928180
6258224
4763421
4000736
621618
4870765
8510392
4024775
2560544
5979776
4212558
5331210
5627367
1566708
2292792
8995931
1157016
3587420
2774254
1367631
8701476
6029496
7676096
5958883
6498976
1980048
4337308
1502988
1964144
6510410
8646550
4575420
3642695
5497664
81426
9038952
3201921
9724512
6000699
310689
8274717
4520942
7878410
5462550
5770224
5526432
7049307
9122432
6033680
9524140
1871702
4902176
7498897
1283345
4927240
1997988
2067930
5674002
1468160
8340286
625590
5983968
7797120
8593130
128871
7096500
1064934
8141344
434378
4942117
8615376
2559870
2200590
1300512
9190092
2533987
5262864
4056939
3940200
5076490
7745693
3518478
8089760
9509312
5613024
3967035
3871125
9785134
3163105
1122492
3010966
1942056
3636712
4841432
1039916
7120404
1051947
7917099
1321994
1106670
2220596
395809
175824
8185128
9591800
8761431
2340501
1779219
4736610
2420150
7360570
9696800
2190558
3642695
6401360
6203554
4250720
5162466
9643347
8247555
6380214
2028699
4393920
8675841
2879118
9655480
3982958
4368246
3577510
7531538
6949090
9804730
1102983
8156921
7037248
7140896
8386605
2220777
4004949
888111
7314245
8515377
4435710
8684960
7755188
679896
4053630
8160192
7104479
8342649
9875390
8375364
759645
4761876
3605258
7668710
2707290
9635580
5016946
7067181
7424661
7800672
6498978
9031959
2044433
3222285
8217075
1861875
8718374
9003956
3401340
104160
8564222
2784621
4620444
77454
5447598
7727526
885444
1382654
552978
9434320
4831938
3866816
7822462
8086560
1138860
346850
9912064
6388438
4853508
4637376
4815660
3189403
1180634
5746920
2551825
2670745
5111883
7179397
3539852
9282070
2254217
2147696
6697178
8002587
9948064
4271440
8667630
646132
9190346
4059496
3171854
7132480
7035264
909588
1676480
3470016
9821714
611447
4066335
4039616
6776098
8763438
357205
615286
4414716
9572520
2615249
6285312
1501365
574115
8081804
5641694
4729659
2252486
2307058
9644224
4930240
4372606
3298048
7469032
3871707
7120220
6289076
2364633
1750434
8068125
8840151
4608387
5290068
4981018
6827936
9195331
6571321
3775221
1217418
9469248
2368872
2749248
4716530
6367175
3857270
1904352
153230
3110640
7600476
8126714
8399725
5628028
6623022
5961054
7769440
8955054
2241642
3928308
3647349
8488544
6504964
6668933
8335115
7777056
5403740
2441108
2700224
1037961
2580828
6405810
7050965
1884624
3587709
9693297
3864580
7693849
1061805
3591040
41664
9204768
74475
35964
706584
6253740
4534432
7030962
3129936
8295376
4138857
334330
1447328
1758936
1503960
268650
1820522
1931459
632460
4448086
8442096
1138860
5441096
5988613
204590
2136861
9193337
7580808
7485632
7400788
4488445
610548
561045
4166400
3766791
658020
7210516
4370618
711425
8057821
2678244
1189025
1858125
4608513
8438112
497503
9373617
5007888
3231760
8272776
3913225
4979004
3483904
3646029
8425482
4362080
5161656
7158537
2760926
5991832
5679960
5424130
8089902
302091
6988880
445408
2998860
5211810
8718765
5414829
9575544
2285420
2375240
5761674
292414
7716276
5882560
5757237
5257580
9569238
9122432
713570
747000
543816
9673614
5207331
7439437
5740254
9175612
6505143
387872
7071600
891808
3842016
8175650
2586388
7203325
3080520
4404480
1486521
8180620
7295380
8226656
5046948
647776
2855408
6723270
2922264
7537125
1053433
6805120
5202855
8654208
5486508
9004524
72489
1382839
4931238
734080
6909084
1939255
2104893
615905
5405589
8012517
7499315
3756704
9911079
1457248
9619637
7220103
9592380
1346652
348651
6253184
4426282
8374962
5498241
1013853
6078153
9625710
2402595
4252743
5478515
3368075
1449715
9254949
5023676
5424258
4491886
8943090
7174818
5564465
8261760
4527670
8043880
4695656
3661896
6130560
7145304
2534978
354645
3205890
2443188
6168516
7395864
5538568
1025845
9116388
9469838
5492502
5621734
878585
8220345
120902
6535296
7221771
9916074
4490346
9445072
1261386
7939892
5431710
8322669
4854393
2132865
5771434
4610816
849730
2062793
9227584
1760589
5748640
7549779
6494499
5059200
3432122
3968048
711704
7791708
8675841
3006804
4978008
2301102
2505792
9709783
9522208
7112640
6803190
4688946
74850
9758444
686933
2068692
5999976
4609141
6833888
2983020
386836
7259452
8928108
4934153
9490712
3625371
8939080
6496908
3783638
5303700
6092864
7804980
8660946
366266
5585930
6677152
6824592
9476796
8282736
243512
336288
8335776
1181817
2152523
3938210
4966029
8039600
5819628
8820675
2919216
1344522
2818272
6909294
534234
3990006
7050684
5781104
5138538
2424573
4673634
4350333
3326176
9848558
9356544
9096770
6684604
708867
3824336
888927
3116754
4452563
5773302
2461644
3917408
1893206
1051715
6608116
6509484
307520
941058
4789588
2435760
436040
6063929
6526205
1536462
3468570
5669280
9472497
1259739
8845666
2147850
9849505
1891819
2927290
1581454
3881747
7287814
7425180
23976
9388288
1428820
9767609
4925270
8612544
9899217
2991965
2721325
1046952
8362836
6708290
1496480
7089903
4965000
8807350
9722145
2783820
9845375
7382352
608096
4473000
9323556
3770856
1482549
4578417
6161047
5763231
9684858
7577186
5324643
1760800
3484008
7329888
5312354
5436186
8638308
4045262
5107488
1057472
1003940
2663984
7034748
9186548
4148517
1508367
4840780
3657504
3219306
1741257
7618404
8206152
4020942
7188370
9311792
4773351
7716768
5133861
3993996
1531930
1671817
7296696
6260540
2090604
4920300
2003994
8100468
5238502
474572
6295365
586413
5104500
2192196
9386304
1501365
2173824
7978656
6318986
8837154
4661664
8430635
1982028
9372878
1024776
714686
6520473
3678228
2276949
8544684
777222
5472533
5847147
7855452
2460654
8098118
9296882
7541712
3121824
5699849
5338368
6346902
5548305
5946
6697572
5095244
1868610
3208346
2399364
4766657
2318688
6202570
4033730
9839637
4590564
2387172
3179360
7905252
3840304
7232506
8964586
3944160
3205791
3371382
6799954
1192412
5082016
1465184
6919224
7008594
3125964
6378039
4587408
4842296
4433116
9538452
9917172
1097265
2855868
6121416
9229568
8446458
2750723
8736711
6394758
4458048
3170432
6047496
4730043
5408354
3053655
7414224
367410
6451060
6579249
2944245
5086440
6946035
9734085
9241472
861179
1591394
6799954
1098588
4119456
6911244
8072580
7806107
1330315
3934230
7844756
6721792
4706350
5809050
3399597
771989
8917190
1664990
3815676
2584400
8161184
5465052
584828
4191804
4058866
1231810
7747884
1892576
3775434
3137506
3468563
7152579
9407136
1883630
1555185
3091584
7741251
6119736
4191600
6147846
9887292
9982008
4953042
4063680
3043900
5894464
2514276
9038952
1370496
3348589
5061321
6509706
8540884
2827170
5274816
9823783
438680
5748912
5785458
440342
8400256
87472
5715801
3157938
3706340
1129736
7094985
8210784
1659303
8387372
2860625
7991760
7268434
7974688
4420851
9514932
1124350
413586
908672
2836128
5780503
4038531
8038605
4992736
3226696
4720275
8534835
9451946
2281836
159551
2511380
1302082
7253868
639432
8523170
7755458
7017531
4985976
5917077
4936203
4631718
2355911
6767226
9650505
7388896
9382767
9372618
7091661
8266336
3379020
1816197
3977015
6961923
670907
6310112
7604100
2303070
924420
4376619
395412
4879684
6958056
2044953
9630538
837942
208740
6448000
3997818
5381216
1706864
2728269
4020852
7845693
8830801
1043908
9762624
6971004
7896288
5151902
3277836
6521472
1509360
1034800
6703743
2084822
2648349
5995870
6442491
8137101
3680505
9021853
2481028
6127720
1268625
1109544
3377760
2244896
6650987
6517658
7423668
7076731
1933236
4896099
8786712
5170236
1580460
3328330
9424114
4960035
9898092
9761080
7033959
77844
3907170
6814179
7892184
740280
1931067
5631700
6160260
5919255
7749060
1483527
8115299
6194048
631267
8873448
2568288
7128372
408182
8248743
6147680
3222285
8868228
2263464
5147926
2742747
6384788
3758688
2416855
2904093
4136640
3750246
9790800
5811918
2209572
9934056
6726984
5126240
2946231
6332310
3785796
3008970
451815
3106524
2416158
7996815
5095244
7199337
9946020
3636712
4266592
3611134
612920
7078104
8177056
7158834
1453545
9244448
1844251
5008514
4758624
4851620
2026938
9922116
5617696
3177376
544265
3656226
5066846
9902072
2681525
1656004
8922153
9322816
1445735
7774930
2586816
6787890
7290064
177568
848592
2319648
3704883
7166826
3858610
4677520
8187592
4403420
8482002
6102166
8893280
2258784
5226012
7360157
7301691
3830616
976119
3980937
5494104
3792588
7120022
2438114
557504
7635655
3695439
7558644
3020766
1973046
8543104
402597
2257208
4508964
2865600
6303564
6526368
5898396
1480545
4435653
9386304
1380463
9634011
6908300
1219331
3082272
4918285
9525492
6305028
3399039
4740582
2624104
6286304
8530508
9770600
2171090
8457946
3025600
2737260
2571263
9899217
4500495
2892204
9007360
7479077
9379878
6259872
1294106
3199200
9375885
1460734
7226518
5190156
7873222
793015
7935063
4621440
7634914
7507275
2963112
7854530
9048821
8503488
5882576
4538772
8761636
2266896
1377684
977102
8728314
3075836
1844001
9480002
6766824
355852
5624052
3226534
6641625
3823050
5287404
6518245
9615680
4342562
6467266
1135840
6239496
246264
7962985
7667946
8647344
9206784
1590215
3330326
3907414
6122624
3280426
4307996
7647836
6356872
4717804
4899380
8424612
4340938
5369696
1383228
2738259
8362975
5407360
1874784
409940
735322
8938105
1919567
1172110
3243753
8179626
5449545
1310415
8830536
8184870
1462716
1170120
8540438
1992006
6458058
3255744
4197411
6497600
2294402
1062432
6350666
9323808
9736896
8177056
8604064
5720786
7851468
8724516
6897376
6170957
8502780
7342905
4685184
5409585
7233948
978112
3593188
773971
8764320
413920
2973
2381792
9387188
2875348
6871522
3235265
3596925
5105013
1648041
89280
7544090
7138677
9090900
5035604
7454064
6581231
586460
7775068
3725512
3691305
8368945
8273062
878240
6724765
5955039
260428
2895522
8530528
3468549
5075364
4458595
3377232
9477482
6746699
7481405
3921142
7740708
6862440
3565478
9948064
9853539
766816
1804281
6767424
3764809
3892368
2483527
4748711
7192992
9146844
6223528
8985006
7632448
4525470
8818584
258180
7202805
1608032
1763235
6038655
3441104
4602555
8058751
2542225
5697370
65670
4295074
6901344
7273344
6936105
7697295
720380
3007972
7954038
9067083
3218313
2259645
599555
1730305
6179616
8191554
9670626
5087691
8520924
2205144
151088
5060858
2112643
3749717
107352
9181600
7839678
6449428
5272824
7766467
2739124
9426392
3507712
817182
7065195
4245760
83328
9719484
2861136
7384202
3503850
6133368
2209352
8767788
2321335
4647645
6970922
5627034
2029968
2590364
8687112
1878120
2978040
4590800
8958752
3238992
8819326
3073091
1081565
8176164
5488956
4426130
1330913
4210785
914405
514485
2046951
9699624
5221289
6124225
4310850
2042735
1820522
2009748
2006886
184260
8735916
3225536
5797382
4079244
1046560
3467509
8433558
9052358
3334608
4983955
204558
5901378
3398592
3838308
5160070
6557050
6195358
1065645
8086365
5636544
8428638
9360498
1892658
7402304
3984000
5617377
5594880
8423653
9670626
8310417
3417579
5659107
2087616
1857540
3651336
681264
4270848
5007772
9032328
8753164
4023972
6358635
7343649
4503680
1979052
4300728
2196740
2167317
827676
3406067
5422750
2260470
4839053
6008868
9292680
3489311
420184
9452940
9663921
562175
6595398
9260104
9675610
7093184
6965042
7475435
4144175
4946112
1713390
6925152
4570840
8348050
330669
1230327
4644261
4268856
5095904
9886104
6636938
8011892
5250984
9678365
8105270
4783128
1434885
1365633
9414174
6560751
1052512
1630452
1959155
4829143
4287455
1495004
6605388
8711744
616524
9609381
3375040
9042080
5793386
1577254
1286130
7754460
65604
4659424
8864327
2894200
5973027
8455536
5566112
9617944
7942865
631548
3521600
6647304
1863968
8860539
9934104
7827819
4940175
8302362
423444
348302
7156288
4041954
2429336
7417575
2647952
127968
9839639
7647987
1645392
3575418
8065146
9320568
3512350
4283146
9176388
603576
164670
398800
8472276
5096713
9869427
9345645
1487525
3670400
2423144
4692156
979098
1003883
3684312
8335115
5499912
8422675
2171890
8555640
7936120
2336894
5285739
3457626
4843548
7707476
6621372
281154
6435156
8003456
3522474
142857
7265408
128355
5754684
8550660
7455537
4965050
4474536
1569526
4291435
4217805
1824510
7167903
5136544
2149532
1277580
3107097
217564
3177600
8557251
9178642
6401830
5314918
3231494
6604128
1761007
8890304
760638
1386035
241516
1303134
5332205
4723106
7400320
6631772
3418713
8359990
6874539
2194752
7534884
5472500
6820477
9122718
1318044
7444521
7581900
9914156
4273872
6384609
9920150
1016800
8219061
2676842
3618815
695392
3602944
8925024
6705729
3389208
6528780
9103326
5809358
8916027
6768530
3228512
6264111
7965846
6200992
7674897
3924192
2367105
7607648
1811187
6399176
1740196
4642032
8926928
5999784
5616101
1786773
4475032
2735518
914168
5585952
7956909
7832160
5152209
6107136
2541906
8342496
5649345
8941070
8391749
2107890
3520748
8210028
3143376
3103536
4302922
9764323
6887450
7965846
3494266
5651343
3676610
2848560
7917134
8044878
7709824
543816
2782627
5298020
6175200
8978013
4338306
7494980
6825588
9745302
8096484
2942272
1709855
7700076
2832324
5533350
6334659
501994
9845145
2392800
4550880
9505235
8361244
2336894
8889342
1199391
6147890
4946133
6863348
8458374
5998908
278752
2275336
3774218
7558716
8887354
2924201
1658986
5255949
3276720
3321585
2806512
1276722
8746681
3420885
8334784
4523270
6192348
2709570
4868612
5312550
4599396
26811
9823314
5315529
4337205
9071820
7960000
3364445
1554879
9453760
8172668
6845508
2537115
3555328
927520
8731726
9133866
8383870
6231512
227626
4780975
4105646
2642688
8923068
745506
7136920
6420224
2869366
3509262
9735236
1686924
9897252
2639394
4602870
688745
2969056
8983008
5240368
5386085
690616
3831612
2333977
9248176
3816820
8547375
5106999
9520537
7376218
5114750
8977885
667616
8095488
6418745
8262480
7559254
7816960
8502066
4859136
525474
2413536
2423820
2313985
9729110
6018938
6849274
5888456
1311055
1517434
1857665
7807040
3002730
6094661
2727536
8491982
1590400
2742446
4706350
2961126
9949041
7115616
8259495
3513664
5402174
467064
5062668
7481262
8291136
7357137
4357427
933472
1632832
308201
427420
7554040
554094
8506836
24975
3980024
3404755
3635680
1089216
9744472
2793780
194805
1671817
3710355
7403795
1978056
9534112
5580209
4601888
4227606
2759135
3273600
3396608
1217560
66531
5902372
8196896
9220264
2916345
2340240
3400910
6068223
7446944
5290068
7852684
4863468
7390899
1384427
1192173
4612485
7256200
6324326
9272718
5921225
6570980
6174421
1649024
2377845
4489968
3994994
8729463
7302672
5084910
2105292
165834
6853140
3253932
148702
3053655
7822584
1329627
8515377
1907675
1917585
6152841
7710971
8199534
4950105
6908156
3199588
1377291
2182433
3579230
5428731
9446064
8973018
5875616
6588405
1597798
7236984
3148356
1693776
63488
7503864
4289772
6255192
3567232
6337548
9029904
9247530
1040718
9795775
9234900
1452090
5699241
2368100
1364382
9704552
503976
1192384
8738705
6968033
3167469
6505962
5568840
7483248
2913414
7229040
568989
8103616
7065739
2547450
1800134
4680480
8593398
8507401
1959207
4682196
4168827
1198188
4243776
5001993
2947224
4537610
8948035
5526468
5926180
4509632
642357
8349144
5988948
8460485
5733582
2812185
8240590
362274
1386222
5388018
1630848
1372488
3962088
6473028
456086
6514479
9131628
1500423
7032838
6440064
2138094
8560980
4853142
5349645
8269086
1410486
2095584
3797199
5059335
7688124
6184606
8025966
3948088
3567466
8677610
4258296
3225984
3240250
908352
8879406
1615330
4511484
144978
4297062
2055510
9802828
6514836
50745
6552441
3110226
561610
72416
1380234
1838160
1105673
5282414
3025848
5111578
4200644
1830800
4749519
7420710
2472575
4933114
3772576
7460832
4921270
8421180
8946994
3348175
7718589
9913119
9341664
2670177
5418801
1643740
3251082
8932100
2669966
6455560
7585527
3048680
6747095
433941
8645484
723550
877812
9973014
2790603
5336568
7583182
5429724
7680855
6658540
3404004
9792032
5155296
4917342
3632015
3414288
3321675
720192
8027544
3695160
367893
322380
7084802
1399196
8458374
6915228
8619718
1680632
8615268
7293708
5808057
1240765
5707080
4062684
4638357
924355
4437717
3640704
2989847
3941216
6093220
9776215
110778
9860480
5551874
3153336
6201285
4107768
8970850
5381388
3513345
2845152
2574618
301698
7031145
4092564
1229536
9513934
6931062
3966070
8360534
4407588
416583
8638008
6438098
3195232
5302240
2071926
7344301
4143360
3724272
9123716
4634712
3906312
6103768
4660866
4940135
1886220
6525735
7913142
1395165
9893259
8336655
2609520
6666240
7947972
9884288
2798935
7333659
4880595
2222076
4211040
8019328
5287976
5583968
1346235
7418677
1952256
8422656
9854480
3486014
3509904
5472423
5237680
452270
8269788
7475304
6232068
5819628
3383220
1078754
4763868
8233932
9446575
9218772
750741
5846148
1306752
2719080
3023616
5263452
3763090
1904270
5776134
1429260
3589200
9105601
470208
7736496
6624724
1901522
3374630
7070922
863161
6591534
9086508
3234518
4924276
2920272
9217026
3188047
2416158
8586850
7043484
9855510
1501455
5351277
7416717
5601393
605394
4872704
2841588
5904378
9317673
5768337
4492203
4688891
5201576
1071696
9658936
8856567
6025800
6172212
4002924
5016904
7823169
7825833
7984
5138560
8307684
3387123
807192
4552302
6220283
622976
9722744
9068641
6124869
8493320
5472024
4076394
8757234
8455212
2741888
2799424
7214028
6231685
8707440
6623370
8658648
4074279
5117728
5018706
1511808
4247220
5700232
6706560
8477241
2508489
9685590
949098
5318995
2526059
446941
9851357
4564192
968087
193440
1270332
5856810
2877120
53676
1940250
1165416
8049088
5778267
1779456
5702100
8081682
9324314
8439088
4954009
3337473
5537902
2619872
6834744
1554756
5062932
3978951
9570905
6241318
2479482
7681632
5431188
6372130
310067
1638123
9693666
6019664
8297034
4060127
5891340
5121873
8825650
2262466
5673009
672938
7539890
1291510
5421280
8636316
9621369
3898468
7633191
6457024
2007880
762705
8374450
6009536
939174
1249920
207792
7508484
5170442
5177421
609935
3619810
4949088
4846645
6452088
4755105
6523800
7873435
3687009
4448599
2168829
664640
2757240
5696064
5996982
2249145
9636688
7722863
5463052
9227940
2731275
3645032
8190840
972027
4970040
8169945
4810208
5292931
1925268
6914195
7008780
5504437
5232705
5209687
1569744
6990870
1995984
8518928
9720477
5522472
9289634
2651616
2656576
5250912
5164824
5317001
1707692
8082385
3977028
7750365
5199120
3223540
8599898
7456056
348894
7311681
7873222
972147
758422
5589910
8881370
7772211
9792966
3387609
6289662
4836903
9606754
8059352
6060418
1218644
5424740
2242755
5427738
3861777
5605766
6656550
8353576
3937248
7656256
4794201
6633665
3528828
9681120
7030844
6456030
3121464
6993784
6349644
938177
9741440
5128046
3932264
7811181
5927222
7873497
5973021
3262308
8521180
1412046
603136
1010974
9169056
3422400
5841540
7020720
4836308
8677152
7989772
265202
8603616
9538452
719558
8364627
2335662
2315700
4444668
9639812
8202780
9364950
7093184
461148
2672448
6996978
4681248
7703290
9538080
8007904
2951170
8036955
4910160
1363635
9456916
1497958
1482030
6165020
6632763
1704710
4728240
2185620
4888603
1155523
8911210
5224020
6801370
2292164
4021974
8836595
1728566
4284109
2948204
1245952
1202083
5263452
59640
7747236
4768227
326673
9468014
9408720
6506422
5027456
5013952
6608756
2315360
4820495
9261886
8583798
7499880
9431936
5268156
8745684
5459565
3954102
6855262
5317280
6471934
4146690
939118
7693560
7551672
8714854
9892290
8596772
2614258
6638464
4851620
1469653
3469068
9652495
9015792
3963063
1338660
1286236
2440794
6761025
8966940
750741
6699096
8014368
3677319
3002994
746004
3652826
316129
4046665
6891190
2864805
5713056
2102181
7851680
9731498
3230765
4176015
4305708
187866
7939111
8484784
2578582
4511032
2689574
2482500
3873238
5879553
4569251
6128010
3283851
3947153
2072585
1509415
18981
4503680
2943054
7232344
7718215
4631725
2525754
9334656
6075718
3385985
2908249
6828928
2273575
8215410
2469528
3978912
3730482
7097160
6206536
7102628
1186432
5970024
6796845
7843149
2306378
2033964
5928066
1612992
6105760
2778432
6489390
1871702
8065146
394816
5617742
9806912
5513136
1887776
7707840
177747
3938210
4895520
8910144
1648350
3870354
9047830
1496502
4230271
8303589
3121607
9021969
1268625
1116882
7185626
2682093
7335291
5103772
1617758
7548287
2117880
2071398
298500
9751260
9024046
2418402
561744
4524932
902465
5835159
8121384
4104516
9430102
2495338
8002962
7330560
2096465
4996622
689736
8983415
3386809
845456
4302380
376110
2295465
5278066
2273278
9598826
5207566
5545314
6457536
4145974
4552288
4665264
6103488
1959132
2926336
6803930
2430400
4951078
2887570
2822664
8574555
2205580
2525310
6270816
5675921
3942198
6390959
597802
3796752
6394758
2468595
6253568
9371619
6782304
4021848
9270720
7561024
9635690
7995820
9350592
846888
2898435
8443092
32736
2355780
5447547
5627400
7695936
5956064
4696140
945204
3219566
1061361
5124250
7267392
2309372
3482521
7241211
5359260
7877115
1821684
7219435
4989002
2375427
9426144
7431156
2783214
937122
2196516
6957058
4880540
4953110
1565135
3466054
5683168
6662272
3591384
5247924
1978036
4042598
3523938
4073412
2600788
6214880
5631853
8514215
4185612
92349
9436090
8069713
2053680
6676367
594808
7910082
6937126
9224645
8193825
3780182
7355260
760239
7482832
8457500
7461036
2986011
7903089
7997880
780908
5777274
6934080
8858485
9184806
7147493
50796
5876528
7882432
3607512
5182406
547353
5973824
1640768
4089174
46859
2217556
9429084
8427156
7038894
6821822
9554852
1849572
9895170
9026028
1698180
7510260
3585358
9851534
6676160
1651368
1250642
593810
915684
2059728
6316260
7015824
951360
2933122
5433695
9517926
9508482
4821636
1729310
8167424
1511405
517443
8882200
4002649
964155
6225792
5888490
5692395
8426644
8918080
2330832
1810900
9193080
8727510
4136215
8721791
1956234
7068612
345308
4562835
8099768
951294
93154
7723712
1829652
2097460
544712
2430864
660016
2326656
5212805
8541080
6648619
4181418
3117335
8150544
8508483
7345660
8231970
7008852
3548448
797202
163180
1809246
1295703
93906
4474365
3262372
6977018
1011915
4944123
4693152
5955084
8224968
5098226
6170823
8685306
9950060
1464162
4224770
6247202
7882282
6629980
7557260
6705524
3164100
3642624
7874468
1958136
7583132
373626
6803366
4992910
939228
4864768
7925067
8345276
3053655
1537718
4977909
2548892
2695888
7264442
5436106
5557821
1060448
8890336
9416162
2920272
1426496
1039916
4970994
8002860
4257605
4119136
8035820
3636396
7958895
3928224
8795125
3638053
5379528
915400
3543024
5483500
5551490
625746
1471527
3380226
1637424
4584681
8071712
1927201
3919371
1976070
3674942
550122
8954040
1530468
7399284
8410224
3898468
4527670
7228047
178740
6636938
8252169
5366172
1929477
1728315
9848366
9205434
8373803
1515440
1166490
8268121
141006
3373050
3879117
6214194
1821684
2279928
5575224
9153656
893700
8975820
6217470
8846545
6918136
4083911
5352105
2292792
1613348
7284648
9807183
6132547
9322337
2808050
2182815
7450030
8574132
9870120
9882196
9741687
3524576
9304354
4833822
4482996
6577818
5488420
3722274
8538144
1632177
3969021
8809492
7313024
7701825
4710792
9695652
2984958
3295767
1060938
5445132
8818465
1373100
4058272
7108610
9127902
4910280
2930312
1479036
4669592
3275540
483060
4908399
3591194
8870464
4660975
8214283
8130432
4974024
5594232
1703873
7332660
3286800
8148993
1211355
4301038
3163902
372504
4660149
470682
795204
6883356
9262092
4305046
9067715
9053505
9286704
6406330
8428638
9682070
4262580
9916128
7837690
4077828
8411144
6391456
6882291
5886468
40959
7852464
7982004
9797026
1868928
3747582
9698265
8930104
2085624
4150332
542457
7659764
5695128
8220526
2944053
1267731
6855550
8423156
8628640
9754452
1609286
501446
4164860
8492446
1196352
8498700
6948045
3692224
6249278
6444570
2248864
3892504
1503986
4539996
742016
6947046
801780
1713184
6422208
2640056
3306967
3499332
5543538
1024884
16847
5724774
5804287
6228765
678835
3566430
6448437
5989844
1899099
6424569
8774240
6878435
5335190
8406704
7490916
4894497
6896385
4405941
2358150
1991958
6319607
1750880
886648
7953035
7492908
7487928
1360638
8237928
9254140
1524944
6529776
7114742
7216131
4924071
8077560
6352310
5656854
4343556
1495503
265588
444110
1786624
1624476
5146719
2352417
9954036
9051364
5703792
1330668
3464575
6994692
5990688
891108
5419779
8539704
6652668
3588408
9885280
4931162
7308064
6823968
9719728
4218976
5272824
9597770
241032
783680
8855436
9342606
8031064
5024930
7382352
52682
6615070
4233725
6019750
340290
6003888
3728268
6658065
2849125
9261804
8615376
4329679
3780624
4163866
6386004
9106598
3052740
384678
160866
3817815
5399180
2480000
1932186
7295380
1832166
8573250
7450080
3266880
1800198
4522122
1016890
4845650
5978784
3568460
925074
4730520
9855420
1987968
5907162
841359
7470000
102897
1940162
7794948
6266464
8887340
9587130
4043760
2488014
2583786
2452675
4148754
6724410
6192620
5333562
7443602
998958
9501958
4260735
1660916
5347305
5931198
5815894
2548892
6122624
7602688
8301888
8904192
4140855
5760456
2676550
3683296
3627086
6518798
4309620
9799191
2205792
3182565
5792038
2585152
923552
2925072
9748281
7314438
5265183
130083
2841846
2536812
6798960
4830134
9669632
8607584
5096713
7070604
8403160
2870248
786840
6414765
5710530
8931090
8670180
7689861
3546180
3319668
2211786
1911324
5626071
6089400
7650072
3001967
5092928
8364544
9869426
183448
2672644
4833107
7860588
5809668
5091758
1824431
1504395
9053984
4935180
1379070
8554437
5190382
126365
747502
2674951
5970
4797564
7430080
1682842
704320
561472
247504
6596096
1809080
8114308
5094250
1541808
6850143
211083
7673184
3528828
5658565
3994994
680268
3930174
7438128
5469036
7070785
9639051
9195331
3503304
9388602
5626724
43780
4835810
3569664
7103922
904540
9721956
9706284
3708108
140859
8172930
7433056
2888212
4449640
6796380
7656656
4951120
5727000
6178950
9071919
8247102
3254742
9226238
1252173
5217222
1656004
9602790
2708849
8587404
4573758
1521814
4792915
8776296
3833188
9004904
1282354
1990944
4209096
7260176
3372055
7836828
3884112
3503744
605568
9324941
567574
8796795
7089667
1726804
3171642
769135
3712092
3296416
9147516
6369833
5549502
6168256
7535326
5982972
5346135
7803987
7210782
7502712
2228800
3183328
1432566
1523946
6259545
7511832
7462816
6620412
8660160
9797931
2319002
6027920
7619373
6956037
3291460
4084064
9282708
8012735
5155424
4042953
5281788
95904
2368629
5856264
5115748
3692600
6727575
5185940
4350490
9594624
1503495
2659670
8714398
6166445
9958008
3724285
3461598
6551870
871128
9424000
8400256
7674435
8338290
7721200
9042560
9095100
8352866
4965030
2555736
2663226
261685
8626926
9960030
2671456
4033800
647702
3843685
7055937
