10000 10000
4729856
3663456
1526241
9128649
1027667
304776
9282564
5381130
6949883
1160170
5512143
8964950
8611552
9476514
9283716
1050948
5948096
3617379
4638357
9009725
4651625
3450546
9911174
8541786
8781402
2406591
8485360
676544
3770421
5067648
9184116
4598912
238080
530936
8174817
6677358
8103407
1101576
937440
4375833
2118355
6958880
5193900
5905354
6622592
6412248
4316664
6139696
2681646
1280272
1252705
7244748
4248486
8593398
3279717
5632053
5960979
7514240
7297695
4238247
1359639
2062271
5701223
408292
1214566
9151839
3099008
9491978
3277432
2674854
3143376
4117792
2081916
2970048
6590532
8941092
9471616
1961070
9706548
1131595
6238229
3805032
3178030
6324326
3257728
1518431
1889214
560906
4664268
8699566
5118106
7366416
592025
7402318
7628364
947052
971028
1361780
1028704
4424808
9869427
4644026
5951100
4435232
771900
6466416
5015724
682191
1497444
1278390
6082435
1373708
1152046
4246068
6319607
4465984
6576820
3054808
7020874
4337580
9934080
4540592
8560328
3900576
6935132
7646676
6757365
2849125
5233792
1434342
9069709
1013985
4199397
9081673
1881545
7590788
4570412
7438102
8283076
6086912
9242478
2125020
6563730
4757684
4419701
8097461
9170355
2426354
1505982
6548700
2462112
520800
9525338
6237948
6708506
187812
8362975
1698596
7511658
5276084
2395200
6118656
6956064
1129736
4703841
642068
5870424
8295376
2448549
8294043
6687876
2890208
2010895
4713315
6825168
1684624
5567394
3532250
2688909
3316877
7851375
7858564
4394474
5064760
3514227
7423192
1101992
4967028
5356800
1029649
6717989
9906148
3092064
4804996
6855372
9176000
2538362
6315480
5457578
3821930
5722272
3916272
3040906
1028830
1478572
1793536
4870525
4974930
6657264
940459
187299
2887774
8006954
5359328
1623480
6501888
4565664
4329971
5724235
9555980
893792
9620053
3810141
807309
695606
9141975
3440647
2304744
1233554
5806269
621378
3947123
8269704
1719385
2620116
3095181
1878456
8550272
1405095
118762
2190776
3377760
7577888
9287330
6758856
9848576
5328322
5837762
7774304
5500050
7159975
7882282
363438
3998986
594808
4600158
909178
3606576
3881115
9725940
6862576
1230080
3805032
910176
6586186
1633086
3227968
4206570
9871356
2747631
9484992
4855840
9116733
6431172
3455144
3289788
1492008
4789092
9279711
6595512
944055
2250747
4539771
6168228
1741722
3083913
1418158
460078
2015744
4813810
7801008
3520608
8048902
7093899
81672
9448542
9569421
6047946
5200865
1893206
4757892
4590188
4775220
9689843
7080896
8091160
8565618
7938901
1991007
5903292
9632520
4752314
4044894
8046112
9325140
3272856
5501904
8345276
3173823
9924096
4797183
2115936
7535457
8081682
5960066
543456
6832756
6848145
8481380
9816832
1339832
6197855
8141854
6778935
5347284
7459052
8024127
8975014
6473367
9126538
602580
1589564
5345140
8774314
9739344
9270422
5614422
497994
4621095
3790950
5209080
7271110
2577420
7259182
7562016
381468
4030670
1165833
4182415
2845572
7353872
571392
6894355
9771219
4330080
4585674
1845588
3510688
6518798
2039688
3066590
4910225
2165832
2676416
7476516
9838152
3346929
4416864
9948066
1654684
4510624
5856768
9425112
9019419
1045853
4597920
5248625
9770900
8362058
1060370
4521395
9632520
2525401
7980985
9722952
7599134
4960
5737257
7371621
5776618
9574191
2848292
6687072
5973888
4007968
2547200
9729414
1269729
2327232
4708241
1388618
3049408
3192256
3592674
186813
4404312
8433410
908747
174650
8312822
7694580
4823882
2858044
2193192
2864981
4559232
153384
7297043
4286432
411516
7515235
4603512
6687306
9360512
8399725
5570411
5935136
6975649
8512225
9041884
6893316
3823278
1461537
3557296
1104786
8383870
4286432
4914369
5690112
5406830
4468500
452725
2944176
9585158
6691608
7548444
9785930
5255739
907092
8922120
9004954
1345515
488040
2885582
9842384
2328992
1561437
9423567
403596
4443644
2473056
1906492
9660897
7877469
4207855
4427787
1169304
4266255
1205502
4813516
5985006
9935100
2906560
3018778
7743482
4941132
6051790
5534460
7264824
7396178
7272732
5024670
8268092
3755890
6756372
5992932
3629728
4548690
2073760
5596177
2104667
5734508
2844441
653376
5912082
5591904
6204264
9525744
8812875
7720272
2707168
658341
5049805
8765211
2618222
5538335
8179388
2958144
3364284
8382776
1619294
956160
7171960
725412
8845664
5416780
9542730
1833078
5065848
1733526
8337760
4935180
8363049
4136434
3348992
8782092
3106944
8076069
6566427
5198796
2169652
7653662
3205152
1571514
1201312
8697016
3306374
9900250
2863500
8207808
3660300
915246
1744160
8284728
860411
3520310
28942
6535458
4494318
768687
3625780
1795692
1465533
547143
9139993
5605766
299495
2479044
1508367
9019419
6695196
194415
1517375
5571370
9539065
9208546
5174764
9074556
7092516
667662
2852145
7917204
4396462
322380
9004524
4364800
1081377
3531374
3334112
9758960
9606016
5625632
1375305
5303832
4676927
8117874
6774615
8349175
2350048
94810
3706375
4620112
849298
5825725
9859333
5480460
1161837
7672911
321408
1614764
8710020
4619436
1719360
1593382
5598516
6375618
7434629
6562080
3186810
3283183
3098016
463788
5636358
1915497
2804074
5363624
3983952
5853492
5961045
3427312
818360
2651310
4866624
3460572
5376546
5960979
2707911
3835725
9771895
3709287
2319002
582248
5328834
1338624
5545526
1327668
9720960
1338208
3313031
4852615
4948128
7910082
5987856
6200292
5545135
7372032
4932224
7457560
7780256
4487008
4105713
4011784
9328242
3714282
2670963
6747900
9426102
6895378
7922054
9607383
9858504
6288744
9420446
2789410
6588168
2678939
2988009
1733040
1826340
9930100
5532200
1586814
6686638
4898432
1266356
7311459
5063852
2516149
7331556
9563872
7096500
7166826
1078398
5982667
4314672
9209016
7191120
8152839
4604860
7500310
6115088
4251635
8324950
7097542
2605536
7517380
4754302
3118750
5022760
9912078
9311679
9511938
5555866
1673799
1265916
4378137
579420
6515260
2256741
152922
1998955
2396238
5245026
9598392
9108230
7754194
4347756
7727964
1161165
3784323
4885210
8989504
159520
1779836
4429740
385888
4923134
6558765
4438557
9553990
5287976
5443626
2203984
9728726
7225520
2552748
3863909
8911142
8086784
8979875
7687806
5619760
3413934
8808624
8183313
9969022
3177819
178380
759240
263410
9636005
2384613
6808656
5336306
5457578
8649342
97510
2609885
2215626
4266163
2785536
1550073
9896256
514968
3009832
2900492
6933150
4115472
2406336
3548323
696500
2501367
4614148
6884285
8624660
4455540
4416710
8930892
498988
6487400
7186620
267464
358473
5016636
9446976
2707574
56658
3825489
9644346
2978024
2760130
7294578
9467023
939378
7389396
9605750
6690380
3742410
3639648
8772768
7081256
5841540
7386414
7230244
8562429
4265264
7199337
7286398
4738784
9790048
944208
2667654
24925
3769227
3377193
5434198
4449546
9926120
4324724
8726746
9925090
3133720
7311636
5085808
6823710
2191406
8904087
9879273
801198
9469005
8699566
1499994
825516
5892336
55888
5915294
7576195
719466
1110911
7881285
2691030
8244747
6793305
6932096
7835702
9268426
1430134
9716640
5701584
8413720
1347136
7532460
453801
7170630
9136593
9238496
9315400
2260737
7893344
963160
5242494
45770
5981892
9542339
8774038
6223480
2779218
3827483
2458671
1542688
4875230
9299691
4117605
2352920
3051884
314685
2043904
7745656
9571200
6637718
9874288
1965108
6448542
6481430
2928132
1755948
4106365
4262272
4316796
583416
646132
4860800
2553170
7468527
1962068
3074208
8863518
2014838
2298129
8616074
6160045
4657338
5504772
7015745
7518377
2865600
6868333
5983994
6206944
2849798
5536341
7307652
5998978
6793113
7703064
4679485
1781217
5995998
384896
6791390
1399380
9047388
5567842
6298695
7676883
6601464
5448082
4306704
1420426
718662
7844496
581080
4362249
438122
2593197
9092672
3781812
2984928
8158451
9860400
6711488
443556
9417128
5354496
5564128
1877351
5497248
3558520
3836064
1526784
8747244
6109929
2713104
2253948
3788593
2270296
8231760
4747145
7885107
8175915
9071055
2418496
1159511
2373270
5164593
1756714
8060628
6154848
6316260
8386378
9264726
358560
2268454
9024844
3876520
6920192
2748249
8379348
2853282
7070160
8492136
2474048
2489970
4101528
2975050
6952928
8932128
2421384
4066668
1609910
3139680
2185620
7320600
9729261
6341298
9264434
9220770
3976883
6499766
1163328
1118380
7317828
4986008
8170404
4027520
9641800
4046368
797600
3969055
253492
5150678
1788206
7642368
5484972
7350186
4982013
9353854
2773860
7057400
8841282
7701512
9385348
7646990
6117076
3844992
7643121
257484
8980011
9568209
5066928
4943126
9588492
6525792
472150
2679318
6808008
5811036
5874324
7608107
7975968
8308992
3708840
400582
6536288
5677622
9639051
1719554
5524812
1568532
1519744
6786400
6105760
4219544
2984982
304237
2506868
8941888
3870244
1980032
1728798
1906420
5293400
2850016
9552340
3537646
960256
2152824
2082430
3863763
3623098
4662400
2261736
7452066
7586208
9023916
2953160
9359631
6717276
6205815
5051391
1741722
7679610
9098082
1420578
1008964
9485136
2462590
6168764
5563431
8341650
3249792
238800
4270893
7584534
2299392
1639776
5551704
4508784
5732935
2288709
6882415
1424840
7924068
9690084
5285440
3301384
4014766
4873644
8039983
686244
4203352
5385609
4584411
8142056
7728512
4255740
8080911
8840151
8048943
4577429
8780106
3669264
8332659
9722268
7331160
7384779
7765227
8756832
8454816
9296032
8328150
8237928
6144324
290127
2460635
9056934
8421680
4551305
850149
8848464
3753728
8207304
1425276
747000
7252740
2533377
8604064
6708079
7935098
3129112
3453608
7624974
6578258
4915330
3870550
7929063
4212830
2486419
6245282
6525610
830148
6162831
7218725
3431328
5362055
3684538
5957062
1432248
5930176
7661216
7399815
3844896
743512
8468030
6098614
7923159
9359995
2604780
469734
3541902
5583411
7139164
7548070
7729344
9192201
9636072
9083355
5056692
509409
3298746
7397176
2993955
3418366
8064153
2272725
3608220
809472
7679410
8550864
502475
9356980
1596800
4223936
1341962
5827917
3067680
9129529
6265728
3303062
2851786
4262880
1692204
8473020
8241900
1806593
9815465
9455485
7955748
5759458
3845984
4310362
2726271
3107244
8609034
9691680
914693
5752472
7107894
1181472
793212
2913084
2417850
2782020
7452896
4250640
5231489
8462916
6101985
3677601
7450912
3546003
257660
3651682
813092
6627059
6108885
68517
1280372
2661240
2468598
7980895
9504628
6236660
6091670
7954038
6513087
5716544
2744652
2547335
4848963
7744248
3927333
4142364
5821134
2690758
9217026
2916441
2139408
545808
4274183
5581413
5927196
7313445
4200644
4677216
2978946
2539800
2954171
8676400
2012811
6555060
8080832
2585818
9769278
9447572
1340265
8864495
2221088
9700617
4310613
9913119
184260
4217542
715405
9922116
1995994
8155248
3196966
8170940
923222
6290655
6686148
3044772
8337105
4354305
6677445
5938156
2860137
1179488
3610855
6667326
4444152
1524340
2569269
8644560
4953084
9500652
8766086
5562424
3734262
2789504
8827310
7833714
8863238
6880297
7035645
413920
4446162
787845
8087551
554528
3063296
2735518
4958088
6850648
4063580
6766158
2150364
8541696
7465536
52576
5297061
5300365
3495960
312430
5840154
7973868
7637620
4611480
1396319
9844594
1579654
8209444
1965108
8515328
9305998
4436724
1519365
8148002
9365941
4564266
5358337
2930067
2606391
9103607
3215334
364635
4830600
9300690
7451904
6033208
6474519
9077208
7767627
8566425
6569834
8169120
518293
4782792
3123808
5284776
4455536
6437619
8825314
2093983
1908258
6870592
2391606
8150268
5080818
8434401
5553216
6083910
8754657
792816
5927222
7312032
8105756
9171040
4962033
9026640
2209352
4589406
1941057
913486
3304728
2806555
3572436
3082394
1668300
5701584
9073232
4696299
5920266
2252680
1014784
2710638
9325548
240518
1405593
1783633
1261110
8873438
4042400
4345535
4575382
2085064
2121748
1810400
8746472
1791552
1218780
5764230
8168950
2657268
8454058
399588
6630050
6880513
6911282
5186935
6836645
34825
5789422
8387850
6131317
6763015
6158658
1046682
7499970
8310834
2220550
1515912
6062931
9606384
8536455
1005865
1680854
7281410
2547861
9293487
6739648
8756274
2873824
1569344
9901236
1416162
3140672
5030432
5022828
2349929
1563975
7343508
6154284
9366384
5987952
4577730
8028841
2093364
4795056
518960
2045504
3612131
3187409
6100500
7986006
3202176
5149320
31936
1353828
9340618
1262816
9253958
6328318
3528129
1777070
1182630
4334592
4380558
5622372
4913082
8202488
2942147
4859262
4866456
2153817
7984487
4849408
3839580
6933060
2693740
19860
7031841
1193608
853846
5167827
6803810
8042949
4890285
2598940
7965033
7391384
3785796
4668352
3609860
4005696
1778436
2152452
1744701
877035
7708552
7947045
2424704
8457194
5082016
6734504
5514129
9816846
2698299
123008
9270720
728540
5625369
7241949
9019419
5561492
7395597
1492479
7334391
9707016
2278624
2016736
3913413
6192620
8477514
1841459
6579814
8986958
1766338
838936
2959138
1481517
9914184
4730004
2580564
643356
7731150
9597122
9656648
6941114
2520113
1995874
6456486
9742194
391608
4651212
7520928
8469984
3075545
8009898
4029676
9075915
5535906
7052430
9370941
6556437
3901261
4151328
5068406
2885582
4270219
7079913
6977880
589227
2164544
3089352
2914231
1833483
2276560
8396174
59820
3379179
9219648
3253480
3615830
6973667
8949909
2720813
5794272
5513924
251714
3098160
5531463
4537408
7297695
3933273
8498868
9714984
3025795
5622420
8502489
9752352
2635755
2685618
8524165
5130396
7941066
2612583
3369860
1859889
2548852
522477
1993964
1782809
7127185
9076914
1280372
7793549
5967872
4458537
9864456
4971042
3694448
7560364
3069363
7196346
2691556
1282956
7748880
9563274
1325344
2729984
8633142
6387969
2565858
1923531
4760442
4579358
3435296
5375648
6427204
2993991
4989880
5854268
3313683
7179920
2836128
7180915
2576448
23784
8364039
5419575
8171935
7454538
840078
4836308
452808
521904
9416574
250247
6225768
2464626
6720532
4450608
14970
1829805
2340657
1623375
5356488
894873
7177815
6034574
7161831
9925090
8520471
6848145
4270224
7187880
5584410
7830732
3129112
4015820
5714715
3633740
1624896
6144684
1435785
682570
3837152
495012
7566836
4485503
5401920
7147845
9687849
2253744
9316330
7639610
2719827
1021797
2489004
8464038
238080
1678565
2965102
74325
4467036
8369388
7691778
1876864
7043805
3763648
1066316
2719584
32736
9593871
3616752
6820725
7844148
3459615
2076921
5591222
9820170
197408
9419172
4949082
3230526
100798
6017976
8034502
6993855
1940058
829668
4255998
6193364
1854804
3882318
3012860
6799374
7881395
8898240
3768065
1487525
187677
6970027
1494976
5738547
6490059
99700
7634029
4863828
4044586
6291732
6932165
1316362
5981940
4798304
9692576
2730976
4457100
1931385
9635580
983052
8639352
7496544
7752240
1179075
8699292
2373445
1097697
1865952
5299716
5764230
7922154
5569242
4766856
4004991
8170680
14865
9723456
9483507
9232272
9893285
5793567
327672
7936120
9632854
3080286
631101
7678869
6185662
4343296
1460074
1600716
2866595
7922124
2333184
846153
3738258
6778935
3468050
8993712
8526240
2991872
8431104
2018769
8539452
7764134
7705280
3257199
2245173
7426653
2729268
4937058
2768854
4530235
349650
4644261
5075616
5094090
8378210
7800800
4101894
1199544
1432448
5480509
3474545
9024224
7369824
7949055
4949124
3270160
4619376
4119744
8293536
5893332
9729536
5984874
2090907
1988010
6286752
9494431
4535460
57826
3227780
309445
5739872
8627710
5084000
5522843
179820
8224968
2168105
1338841
9296466
8987955
1251747
5460058
6062931
3908088
7348644
6124869
8380416
7654044
5798996
6044256
5027808
1433686
5132388
2507490
422166
2538362
325704
2354016
1363389
650044
6921220
3579826
3770226
8863520
5844864
1659616
87824
1144404
8466720
2066235
7381959
4233000
2730205
8148670
6398595
6617632
9394731
4674547
263940
2183607
9535442
7158788
5044440
9421584
2265426
6535160
255458
7188594
2886651
9683307
9770220
4747145
2280921
5438670
4042503
8703808
6371827
6447600
2444797
4953074
6472374
6327205
6289038
5850684
315052
2692746
2759470
4130880
3260190
5682312
8955995
1337850
888636
2207790
7320971
2473068
1503476
5757237
792816
6137504
9606016
1853056
9238575
448384
192448
9057740
6511482
4004974
2838224
5946991
7456536
3338080
7649280
2987014
6408822
5382803
793407
728862
5872640
5661333
1066400
3475044
5691313
2242912
7158984
8312403
3226292
5289344
5616378
164672
3735996
2207439
8689852
1767120
1893728
8214538
4066850
301872
3423392
2977014
4029750
8672064
7686375
2507455
6024416
3295085
786254
6735948
3554140
6339145
9087148
2952189
7461402
5042748
4045482
4501269
8540700
5421228
6599776
5431656
9871414
2330290
3315340
531864
672938
4770206
2151461
1137824
9807798
7106106
9641800
6574419
1185240
5663328
8363412
1070700
8184000
1104096
4769035
6413288
496006
6219745
8159995
381851
9726936
9832296
76384
263940
7377504
5664954
3960064
2719304
2236761
7323200
6222012
8774240
8591712
8800364
7066620
4725530
5945009
368520
2584779
8062334
7973868
408182
7112746
208373
3242145
2713120
6384462
3424790
5939055
9484992
1365516
4637010
7442410
9713782
2315967
4026615
8730592
3816099
4124106
9581850
2842304
2785418
1699176
7373619
8260145
4181280
6189596
7019932
3371808
3144200
1986024
3427686
787422
8782092
4036634
3562692
2649324
6933088
6100178
9169176
6755672
7699904
9336211
5097661
2916156
9308225
1926372
2978946
156058
7152276
8468880
1016890
4532640
8672903
1407081
8813798
7602688
3852528
1506430
8544684
5465535
1201312
200598
902801
8180620
9485904
1835775
7312632
510365
5190804
6889104
7696840
2342858
5140532
5601504
3497425
673880
5437638
2461536
6680430
1492506
5442094
995968
4314019
2660247
7611058
9559236
8450257
7398174
3131560
7483041
2397950
8135119
2702686
2047488
1376857
1581242
3435735
5613750
167664
3352644
1163796
4154841
5413344
4547448
8291052
5698250
4153842
7914228
7497742
9977006
7266438
5296698
907756
7977014
9385312
4975964
4697883
2913414
4077828
641824
9910180
1333665
4032573
9886216
8348878
4880595
8154025
4572025
4120452
3027657
3210786
245016
1227590
5836928
1385636
7680638
6361252
8031640
3804038
4437108
7527175
3106250
9250164
6566427
8280390
8370226
8826165
1842308
7428096
651041
5756464
2954171
4667954
2383224
1558432
1718556
1368881
8510708
7161770
3472000
7566836
4249214
142714
2724060
4192385
2524940
6939973
8687757
957120
3341828
1804752
2292837
9893259
2901648
9838560
2785812
4927068
3549762
7330560
5951008
5958000
4449611
6260212
2520876
174125
2726536
5432192
6823896
7347744
5408162
6718446
7017883
2287118
1902440
7082410
4835089
1396202
7027776
6209920
6932133
6178188
4855770
9837618
6172939
1670226
2984021
8557984
3930304
494514
7413216
2448549
2764460
2823504
8527150
894784
9821801
1819855
6830912
8805186
1346144
4637310
238522
7700292
6395914
9231610
1137136
2784194
3202176
6616092
4877702
5589240
4263266
8710789
8359584
2367256
3381615
2160837
9335193
7577262
2549190
7240615
6432168
4003952
9941078
3026514
9606528
7235291
8163858
7494900
1863750
7072146
3594796
3829008
382234
3395196
5479515
2039958
9518555
8335296
6808656
6202830
4057398
4084064
5018844
7661232
2228032
5991890
3439188
3337596
733088
1467144
3562496
25766
9413136
4435232
7827750
4195894
6984948
5671493
3105111
7576195
7159264
8369504
4527926
8131532
5672632
9678312
370140
6542877
7404790
7429563
7197952
8975952
4981965
3139680
6069624
4660416
7089528
135864
8541120
9620184
8080911
7269432
4496405
5968010
7738449
8707550
9295372
6427120
2257932
8855436
2685618
5029440
4916256
3289408
7565236
3253932
8452566
4888492
9774176
1419865
7249893
6196355
8514380
6270133
639195
6704928
6807358
3863678
6263488
6492501
3505167
8070286
5000748
4620112
5347284
4947048
5393504
4171040
9561838
2234277
9584436
2016783
7479077
5169640
9466032
4721792
8630902
7312589
3570208
9900240
5140968
7499520
4320342
3328906
7212036
1874472
6437629
1365375
9030490
1881444
5583576
9381200
5398182
8070826
7609359
5627331
8556636
9078006
8716200
782432
6433647
6643664
5869238
2840206
806945
5844288
8062739
8277412
6208236
1178496
8362242
8056370
66531
8428032
6165828
1992
2395116
2100564
403380
5931135
7208488
7794830
3243138
5613750
3873760
1525790
4518560
4926177
9142551
3318350
6646680
907522
309816
7377800
160542
1617758
8087904
7434126
63744
1989928
1217560
7869230
2640730
5241948
776663
238800
2968069
9754336
5588185
5736899
2938112
2051538
8128698
3341580
63680
4448614
1195782
2891470
6767820
9491456
4680204
4732220
531468
9432066
3851847
4386210
4184196
1012832
7473886
2928069
7479494
6388344
6979925
3156502
8703464
9692673
6004671
1286624
7344666
8945937
871378
4224036
7028964
3584816
1249241
2563926
9253456
7650818
1973063
9096290
7920192
9104250
5039835
3162281
4250640
3912288
2484513
257964
2205580
6265836
9627135
7529280
4889532
4509050
9518170
5215779
1519479
2429932
7076440
2671326
4546888
6138496
4756687
1272736
8098305
6972676
8291052
2138565
6609696
9607383
3400767
9602790
4133052
5774428
2757702
882565
4238507
4134861
3904512
58705
897102
5148846
7677088
9264288
9321950
1939329
7234300
4736508
8264438
6648590
7653280
7836620
2114375
2517255
6303564
3226534
4200361
1367744
3721536
1168944
504972
6989967
5142747
6445563
3912468
4050550
2798432
2579814
9425112
2528392
8452239
1354822
9423645
7789978
7244202
8541882
304390
6599069
1139124
4889594
8853258
8262480
4076515
2901270
240277
1704870
7150842
8837728
5697855
8041590
4364800
1295865
1570275
9109016
9410710
3961077
8405156
1113649
2703864
5529780
1165145
4000797
8988370
4211313
9593790
7005504
6334472
8121870
9775585
9187588
4506355
1470610
5592244
5625345
4990005
6223480
1545350
9814756
1254744
9601110
5600394
1127335
9619056
6623022
3136860
7849270
924288
9080370
1161336
6483960
2416855
9561230
3324192
5995808
860276
1254695
5612382
7991552
5708076
3430566
2367492
2608312
3352960
2550432
3368863
9558304
1650348
8976012
1189200
5675921
5165045
9168925
9268256
6965995
1344787
3846071
965196
7354606
6724410
1345304
8211434
2338144
4446620
6842696
2380617
8379896
1693065
7451555
4074144
8533458
8373803
2345300
5032962
2462112
6104631
8852564
9415685
3482451
7759164
4552443
6809652
324711
7945838
3962090
4853784
4623712
3857888
2084727
3337312
4518560
6614760
2575232
8242248
3240984
3791402
2203698
7110873
3692710
1895475
494016
4311360
8718765
11928
5249480
7275440
6723416
3671550
3666966
3699144
3183813
9651500
8911182
8556352
7414689
1284545
2728764
2688909
5538699
4101780
2904468
1024974
8610381
2731968
7284744
2328585
6276792
7892340
2827930
9066830
6705562
4257738
350240
7948072
1389609
8639585
5009685
1213674
6021816
9437472
2560947
8412222
6975984
6047712
745984
9130526
3168872
9040882
6791008
5717542
3727936
1377684
505494
7238970
1373484
9720960
2442106
3993996
1099796
6846147
8464332
2041800
4845840
4051440
9592137
9176000
1688384
5008884
7021235
1281145
3324805
9411527
3794396
8479616
5793567
8115016
888927
3610548
6207805
7830732
53892
9378885
5637357
7573419
1470054
7892184
7070160
4822765
7390390
9336654
9693488
3026592
1497920
2446098
8063328
9097866
3353756
4851798
7352172
2162835
9251739
4488800
4193184
2093904
8032959
1293500
2949090
9665430
2907174
9655945
7715230
6765005
8703810
1788576
218124
7032756
4934184
1147392
2616208
7657248
4198656
6901324
6824592
1513485
6525210
9175815
8789700
9742323
9113754
4068757
8660946
5683176
1942308
460752
6645408
8193096
8414581
6521230
4247426
6922216
2788344
7401822
1388025
7316992
1671600
3248952
8878369
6685308
2578419
7784208
7171200
460815
7249743
7906248
9415491
9705795
923222
3632745
1920462
8793684
7067485
8483199
8346480
3748165
7991664
1115139
1300830
1310415
836256
6589856
8104082
8584768
9067828
9521877
3302068
3635373
221334
6726752
5800113
5808810
8416128
1095600
2604164
7797036
3463092
5822740
7264495
7673184
4363632
9703032
4808224
1515962
9646995
2466612
1602396
6957036
2914160
1017856
1094904
7274112
3267963
6345373
5375552
5993880
2752245
1228096
2189000
2186146
8123962
7786728
7292978
6313088
9237242
6806912
3151845
7008910
2324673
6770627
2344302
7902090
9056749
3838710
7419168
5677317
2069312
2603782
6060956
8368945
4442098
7178814
1578663
4572636
6509413
3154332
9361404
2798110
7267767
43868
9134860
2050545
1847441
4320998
2419578
2621178
4108864
3290465
5599152
7620282
5704000
9299652
9208020
5295904
9957012
4867540
2231785
1610375
1779219
8104613
2123713
3692466
3007885
9123867
836640
4105220
3719008
6707088
5922216
5254470
8776215
6111915
7882414
4766050
80919
6725917
2563287
1510353
4630052
1241506
9244872
1963035
8133663
4558692
5053377
7481008
4168614
4213299
4035856
2138412
8833524
752735
2393552
1015895
1504864
8824791
9353256
9330660
643118
9482760
3481024
2099072
5612736
2216781
4626076
4421695
4167828
8110595
1752726
2373857
4934208
3924280
5911295
4544961
6585408
6061540
9443076
4326501
1491512
5800194
306152
2534136
5890400
4687308
2125320
905616
5286435
960256
227168
6100800
5385935
6312681
2768290
4571136
8891330
3357333
7944048
7504700
7900312
3827483
6406336
7046590
1715837
7143505
9839484
2682927
396806
9917165
4507437
8372925
4118964
5948110
930325
640716
7936000
6631047
9005745
6508485
2282832
2377824
8909220
2963104
8733258
4420248
7180915
6448595
2140245
7235991
8928910
3162281
7694100
1855143
5612124
9980010
4011888
9126908
7827819
5928162
1543800
4773636
4797386
4621033
6853728
3641376
8289960
6693120
2661240
5823477
3356340
3424330
2824656
2672727
3555441
774888
3797376
3696430
2609303
3956120
1274308
4081914
1487524
2888637
2321676
2639059
792218
7930150
3517416
768460
9157831
6595855
4487508
1631092
7402800
588230
6972676
235528
7384941
3582820
25766
3959087
7798924
9758098
9814176
3880224
4584960
2927392
6312096
6503880
7316553
5797008
4814936
6388895
1554884
749952
3033451
9103824
5878116
387833
4316192
5175216
5688340
9254140
6112488
4071424
2009900
6155070
4279716
9536096
5591904
6500576
2597568
5239500
7619289
6214770
8568896
492014
5117744
5417698
4532916
7648984
2297472
3283420
3834316
9393795
7798179
3256426
3750246
6847590
7337708
9071568
3101984
8201064
1655331
1194368
6003934
8235496
639195
3925236
908180
8162439
2844441
3403758
5465535
6355065
585826
5802208
7124200
9474808
656684
6621725
9028832
4485510
782217
90727
1777651
784872
1584636
9493694
720108
3726275
4232864
8436528
8925084
8146845
3778528
1981030
5990004
2665790
7858602
8810616
1652988
4808332
1484535
4446162
6225000
6537280
6763323
4209327
5757462
524832
9168369
7474122
3082394
6761472
8570583
2453216
4663654
618760
6351085
1096046
2774856
215481
8003988
5380074
3540045
5679421
1442829
3810996
534465
8481510
927210
8315481
3792110
1002990
6431661
2528932
4938104
7561431
9052858
9512936
7331308
5489998
1385040
1521477
2359524
6966039
4187722
9131115
1012932
1564140
8390186
1982000
1254695
9199470
2590407
9163104
983066
4215072
6359460
1416576
6527360
9155849
9233266
2545472
7085679
541458
5184945
2882600
4137384
3519864
2570272
2325248
7207543
8964027
169632
4492332
5027735
9825165
8349875
1437324
1810074
8749035
6321672
8752848
9895245
6295716
4448128
1818180
7873222
9383845
2873742
1939114
3551961
1014874
5047163
3827242
3796200
9829423
7592784
3350382
8884372
1189616
5055232
5771633
3416280
7911231
1105893
4939182
1835918
2679824
4465530
3007949
585681
9891276
1296858
519339
5214780
9354254
2640387
7515938
3367418
9569206
7734936
5018528
3446198
2405910
2920413
7217124
8622056
7815725
6050595
4231458
6860133
9664232
6748710
5455585
6167010
1993992
2233524
3773400
5938056
5358784
8337654
130345
3316335
5127867
6987996
8729732
5788431
8816780
8575814
3214341
9071840
5495986
287970
2932329
692220
4502452
9872408
273625
8865450
5918076
5536458
8294529
7953930
916675
457542
9482760
8390336
3094798
4063100
4391121
3034962
284991
8343648
1515776
8475032
7029912
9541680
7480672
3125964
7746690
6254739
8284398
9252738
425432
2234250
301485
2189782
897102
5626338
2867254
4309620
7892324
3396194
962136
4925130
8836747
1259940
8560844
5557454
5750290
9661890
2782824
1315390
2170698
5301627
8398306
7205208
810376
7685598
3420707
954205
1527864
2135862
4567050
380238
129952
7911195
4259290
7405260
7578177
2222813
7506688
7128263
368032
9498400
9816832
2708289
438795
6940092
5675740
5433184
7047696
4629664
7250156
1475599
8406704
2648032
4592294
2940153
4069754
2511297
5428698
5579818
8101764
5150227
6435660
1622845
2874555
4124734
4569842
8259985
3332255
4257738
9284394
2209184
2030795
6421216
5404416
8860475
4687894
7735498
6532344
8455510
6455036
6932108
8916075
6671412
8824560
6102784
6273408
1630452
6979000
7700828
5224530
5841540
7967034
6857696
795584
4619785
9444581
128355
3355276
9260895
9067828
8778885
5599152
6662520
4365630
8942958
423576
3573648
3404178
6368238
9208782
7466194
6038748
7062370
1049949
2729524
5751764
4169644
2237678
1810557
2195065
9373408
6700960
3087709
4052199
1254159
6913270
3519616
3137064
7663740
5300378
7343310
8427112
5502900
6429152
355929
1248201
4552288
126111
9269050
775446
8035728
4299050
7910238
302091
8141090
9541056
7661216
4076515
7513762
3661296
4504908
4833024
6308706
6543870
1104786
1877856
4699128
6780412
4958088
9658465
1163668
7565980
1969054
7460964
6417248
4361672
5415815
9067715
3124738
2336778
1181065
3476428
535926
4972039
7629944
6177894
5695861
3044772
2352286
1069704
9665430
4293086
3228768
2596064
9617726
3778824
6168516
9278176
6229980
4674632
8021690
7333400
7215471
9859486
4936192
4851144
6227988
4323672
6756669
6776217
7010770
7369053
6713040
808480
4003976
6785900
6993699
3359720
7688590
2289412
9820320
6521031
6380025
427144
3929312
5591403
2907450
9838656
7195840
6883476
7281868
7474022
4415268
6969975
5333312
4426130
859680
1563798
1965138
3771050
1542804
5682698
1240765
8078405
6042890
4399596
1214566
7867549
8913204
3754476
4761075
753215
5815188
2901348
6020559
741258
5192148
6446082
2388609
8988952
5478516
7516735
1955243
4548544
8146020
1785030
7133859
5775548
6532947
1248464
3219306
2763234
9476796
9704863
3133571
9696470
1690505
8452056
7333732
8914205
8766225
1893396
9881198
4360878
8605107
4904448
9402176
6474996
7956020
346906
6669216
7618077
4767852
6718816
6567995
7776768
6000505
7521926
6939120
1272172
1551906
9883243
2134275
3732768
2967072
5370144
2625159
131472
8661340
9711380
217905
2981020
4375588
4778464
8601762
1566708
8817174
9954024
20895
1441212
5804368
4888435
6941955
4830465
1454623
2442725
209523
1545235
7018524
2502984
1578472
455629
7758234
6277110
3264984
1704981
6641625
1450246
2167296
9512796
4718518
7449072
9894252
5647008
6203790
2021796
8951066
3266880
9594785
7874306
3514227
1803456
4659288
295914
6922176
2164740
4300728
5063555
4265452
2664981
2879436
7453572
309756
5542452
9547008
1362270
3736070
4142796
7833159
9255940
6629364
813732
9729272
3249489
9329661
5048526
7023360
5528416
1510972
2907450
6730554
988020
8349468
6323225
3084912
9131700
2776221
3685200
4640853
7589190
2747631
534392
7637694
5674995
4887498
1226542
4050336
8653764
3180430
1099796
6202278
2929350
3435116
9173626
6393408
1419579
3543024
1850432
2383428
9933094
9215690
6376094
8355616
4069184
5398596
6254907
2039688
6557447
3057799
5952042
6359256
5502032
2160837
6970970
7955052
2971040
9663921
4632925
584652
4414154
3626112
4950045
4137708
8623212
2501496
2587215
9736254
8591400
374625
9055340
30814
2195600
7730952
2230289
5255187
4547150
7941051
5357660
5059775
342280
8934944
7988990
5658368
6763015
1424067
6402864
2998816
7564239
1414157
5525052
1074684
7064500
9664064
840624
6276115
5412800
6224526
1209361
7292700
4010892
9915105
2434887
370512
1830168
5010592
1256482
513898
2223544
1860650
9858132
8155836
475132
4255740
1394604
1489515
1830168
2055744
5706084
4373436
262152
9319364
6057772
1984
7759424
8557850
6080776
9930100
4595544
9521350
7817008
9087712
9390182
5097385
11964
6280103
864903
1655010
6880497
9763332
9332736
5502972
8413689
9756225
9654336
4958072
181090
5037592
3603158
7969892
4207788
6210554
4269230
5392344
885336
4293702
169974
9656304
859680
4858264
101490
9798852
7851693
7834816
8928135
1006902
2387610
3174836
3803458
639718
5164650
1469056
938477
9673608
2423986
1056552
3045896
9813588
911420
238522
7579194
5763450
3736659
5112957
5404914
3733518
7160650
3399348
230376
5339300
7455872
3300696
8257505
7057856
9100762
8528520
9337500
5347720
2681646
8899260
7724976
7455872
4411725
6019456
4138416
7859250
5482784
5363460
8268430
18867
2643047
3320676
1754244
4278837
8729506
300188
1998909
1166775
4613382
9214688
6535296
9952032
1079575
12935
8032055
3578772
1771308
8730130
9788107
8381408
6568425
3889380
2144853
327684
5572364
6800825
8859552
5738881
3943135
8742230
5505489
9080985
6933060
3115704
6494796
5068530
5982752
3305691
4721040
6951000
5345454
6350890
323375
768460
8994594
2235243
911258
4326706
8650023
8514804
2152452
2932224
2107658
980064
9020970
9556316
2139562
9436605
7507275
1817190
6412761
9781398
7347492
3378025
7827165
1007847
4885210
2094475
4963066
8237568
6881364
2978946
4163280
1597401
4984800
7238308
1422288
9764226
619885
6755462
5164101
470725
463670
4076733
9895260
5529792
2922144
8394178
9931116
2150847
4827740
6834159
4307368
9350558
8973832
1423845
1874880
757956
2294402
1806920
7424184
1903581
4257664
3460610
8079623
4387074
6718816
1618590
679585
4830320
3617116
726544
9055751
9558304
1467531
9522519
3134901
5453556
856959
2251488
7451904
5563045
8170626
4158300
1227540
1118758
8038992
4400758
8090752
8614763
6657072
3174173
7809350
3272442
5128046
5162368
6944049
6766227
4144694
8385767
1809555
2184384
8790696
8574132
627576
3521178
4386609
9720270
7348642
1182816
2350290
9139075
5689305
2946243
7338702
9611247
3427836
938432
4760675
5953928
8163436
3624095
8544290
7722524
2928405
4007940
280872
7441116
2861620
3077055
8215008
4698638
2308374
9080532
7545474
5449545
2640387
2324342
934413
7147296
752169
5457437
9397722
9727263
7916208
9931054
4745356
1690646
9684108
7366833
1658011
2362130
6018889
6845792
850008
9370803
2205580
8262729
2921268
2061796
480519
357120
2627142
176823
2163664
5292931
3885111
8497706
464256
8474262
5278066
7141320
3853524
3818085
6539609
6935102
197408
4821636
5152448
1098480
1274720
1455084
3906312
2163130
8221980
2302430
9008982
4621728
7386914
2659670
8809952
3269163
6927136
7961046
3394624
6831564
3835170
3117480
4024775
7774395
1843260
7180383
4244229
7372049
9799644
4055620
888636
6344286
872252
8140074
5948110
1212224
1858125
6622720
9116209
6537150
3889206
6175624
1014900
2482032
3027505
6272039
6369990
7884108
2045424
7840768
9103824
9336504
2404182
7217283
6917180
5722458
7074749
5958060
6928116
8188590
4277428
6575418
1822840
5992002
894873
3282858
6909294
7837819
7688590
8945050
7595154
9177880
4478880
7306285
7264788
4355508
5822125
890816
6257736
5189805
7881206
4555502
959264
4798885
5232800
4920075
4071540
7180610
9062460
4867128
5054370
2181830
5291062
4206795
1426390
6377950
3693440
5766351
469116
9459898
7559370
6910272
1892208
6267505
4143360
7042208
867262
4251338
5276718
498495
1723349
6961050
9118180
4946088
2396198
2800197
2456541
5900406
9227630
9562428
3041379
6394923
2884801
4604208
3547175
2435220
4195425
629370
5193390
3908088
1346652
6852636
2720548
1588410
7098894
6444086
9340065
9244184
7120730
8600889
3124300
1752864
8581802
7487928
3013631
8415204
9468014
5376102
6405843
2538804
8889300
2795398
6797700
5752608
7084548
3229032
2124742
9006634
7208554
4160448
3860696
8298370
6916077
3387609
6802815
6347899
917390
852260
9182271
180908
4042400
6493032
3809187
3826170
5085304
3602161
9194796
7051941
1004916
7220715
2235274
9450510
1940058
9254832
674926
473661
6877380
8182016
6568348
4464566
9901245
5093740
599985
2195746
6996840
4846288
6154284
7266485
3474048
3165831
5284410
8611416
2127677
9297024
4159664
8276410
2044512
4535910
9794664
5161469
7848144
5398414
7261440
4031808
9660686
3948120
7409704
553101
3985009
2361744
5148920
1558843
4413276
4000995
8741504
1279570
4000982
9580172
9434054
2887570
7421196
9517362
1569344
5977017
4275520
1109425
3559290
9346270
2696885
2096691
9529152
9683904
3669327
9497856
1668615
5929188
6148845
4210785
2373270
8554364
2576224
842350
8322418
5722272
5145726
3804038
4415348
3714813
2668191
8571822
7974925
4173822
7894336
8630032
4636700
5975928
5969784
8184992
3863585
3582000
2814360
570708
5654400
257920
4517730
1659303
7795197
7462530
7613424
9899217
3322823
9634842
9347109
1392210
9360408
4796050
9144948
140722
5889405
264597
397404
5052942
5485509
4623372
2652345
1647387
3562496
5044950
5235508
9719964
9426630
153692
675646
6727518
7760832
8568940
9001664
6415695
681808
3341580
3081915
3624095
624375
1385224
3646029
4229766
3788408
9206028
6064644
979104
4162658
4035720
6959060
4878321
8125368
259434
1673799
2204920
9854480
1903581
2428248
7090664
7142137
656026
6983577
9816832
8027760
9206428
8249545
922497
7782890
859548
3861381
124875
6978972
3748488
6985755
2087718
9685590
1863135
7725696
6878303
2604000
799176
4745940
6399885
4714187
9534090
7697295
6452054
7605925
7914140
555444
4259290
6435104
9176313
5157164
1815044
1174719
9100070
5816498
4709232
9131628
9700255
3897190
6816745
7781585
9339896
3724178
197604
7735257
8012517
8818465
910504
7172955
8674897
8577414
563436
6514944
3591802
5845149
3123978
3425850
6879372
5038764
7735498
9042878
2532924
915166
6794555
4310978
7677876
7752464
2997
7285400
2264187
9519538
3706375
818181
3288708
530796
6214561
1020900
5704566
6275718
8556852
6345648
8368004
5738547
595010
7197576
5762665
3742816
3328632
6253884
5153493
3885546
6461052
9336704
9656648
2446705
1644735
7185600
6931062
2659254
1272736
7080262
3164896
9765430
3130569
6320240
3073335
6511861
535310
5147511
5228725
9571900
7856616
981018
3217552
6146115
2394603
3024608
2222334
1608292
737548
7709283
1526407
7539314
1955198
4341792
2271984
595800
5585625
1942240
1211136
1640412
5660555
6138529
9665056
5874648
64740
7200792
8837154
3565680
5700108
8225350
9420032
878585
9447068
4496856
8725266
2109772
4281816
2755776
1368881
2017776
1501968
1802464
7247183
8969022
8097696
3287709
4463464
8534492
514848
3260466
7485476
8225964
2809880
4352472
1689655
1896200
1852288
8671622
3110886
5734386
7043949
975046
3841155
4551296
6215552
2880837
3154150
8397731
7183809
7601800
4216550
159551
4288097
5109480
6314998
3609766
1543122
7975568
2941220
2255665
618016
8275050
5211669
8530208
4757284
4291098
1315392
4073412
8425116
8520618
958297
9816462
2231271
6355476
6168638
7690160
3853524
4528080
7207556
2432680
4376230
1363616
4280490
3644696
282720
6696580
4906089
9379384
1101992
2995985
6724596
9826164
2713834
6742764
6379940
1248498
6130782
917462
3349920
1409067
2232283
7215289
9963027
4982816
1533465
105470
6880113
9900160
293118
407950
4070652
3989006
1736028
224775
7569960
2636088
3111637
8076564
1847224
6889104
8251830
4999875
7525312
2083632
6067376
881118
5377540
7290702
4083912
1695897
5044740
5211669
8137692
7364546
200397
2990970
7577888
263208
8824316
3073555
6051590
3856812
9406730
5385568
7575930
2913360
2632443
9747164
8943090
3376620
8483473
8928135
7061866
3471525
9451776
2285568
2537536
5203590
9122432
323050
8054848
6599166
6157830
9485458
3575168
4395910
4197905
7996995
5756075
7426174
7361148
1779060
4250640
909178
1517958
1558432
2822368
719925
430962
260896
6451521
9003392
8648668
1068708
4013830
220779
9200316
6220020
6317056
7026918
7178925
6362688
393815
8196084
8961965
580668
8447012
6010415
7031145
6715542
3693303
4805248
523425
3014688
398400
9846588
975066
9705230
795204
7303515
4429280
1657670
6800242
4233000
8619384
1201176
7941952
9614376
5771456
2183814
4311028
5938140
1402950
4130245
5441120
1460538
8183678
7351641
5238502
2635422
6391602
8370226
1592000
7981006
8496972
6317466
2493984
1829169
1017981
9736480
7296696
9024756
743008
4152505
3720544
452270
7252555
9805185
518440
8477014
924288
895404
5688156
4214319
6172224
4583040
496491
3791566
1200798
1234795
8760231
6951070
2183818
4670244
2208132
5014730
4238507
3774436
1119879
80757
7286634
4055296
720918
4559090
7736463
403596
3246232
1728064
5886108
9771260
5509164
6324000
8679312
5615415
2307732
6428695
8527232
1399788
4994640
5306688
7579810
6081132
6438645
4335438
7022710
9781954
773450
6557772
3187612
9748281
9212704
591030
8103616
7337364
1899455
5141529
6546208
5518940
4072019
4640680
8213760
6771804
9555435
4916343
5703340
2218325
8411144
9799846
7904216
582891
1195572
8402589
9674612
8354570
8216404
2588212
6044949
553220
4951036
5735908
3123978
1488018
2539458
1790808
4075832
7057400
4165173
4491776
675288
7132480
7410760
8258450
764061
8564230
1537164
8586471
1185624
8809952
832332
4096899
6297696
746976
3558681
8072435
2242730
6939114
6547299
1974044
6711275
6015840
5076358
8164716
4490435
8281385
8856567
4587660
8320436
2984928
3430336
8915134
6002835
5481221
6916189
4120742
2166528
5665530
2966031
4326669
6673626
6338436
8738638
1353828
8016975
2984013
9282398
1897546
2515814
3245751
6228435
5266174
9132352
7961990
3801344
1984024
176398
2318304
8904252
2474066
6713673
7433148
7998931
7050965
1160461
3189403
8719526
6249900
3806304
1064724
7794198
1359540
6328200
8022922
4154316
6270432
81672
865896
7902264
9738065
279314
1102896
4793344
7901091
5957952
650076
6387606
7702506
5491405
7987584
5644736
1330334
7339524
5293701
8686764
312744
7088904
5329320
1501934
1262655
9529902
173130
2514900
1607920
6785280
9544668
1170932
6130380
1910252
489048
1576288
4205088
7720205
6921174
2119878
7533744
2190110
697788
518960
8570824
8392746
2490507
4654993
9557846
911498
3815350
8938085
2253398
7294052
9532800
6394320
8152839
5609810
961198
6067230
9419656
7218725
9242212
6566366
541914
5423743
429408
4822206
254745
9652953
9612695
563170
4541753
5371836
7310870
6407268
130607
9182944
5140761
3902258
8143848
590240
2941150
4550532
9152481
7804656
6120873
7097496
8480482
916468
3884552
32967
1721088
9154858
7918210
9714773
1657014
5189805
1773225
4850405
5292056
3402018
652736
5044550
1762696
5563136
2302093
6851142
485590
908747
8063968
3934270
483032
2092806
4887612
3877119
9883194
7133352
7514031
9732254
6343288
6671967
1954044
8208138
7804360
6863648
8805504
2481024
4180622
8017974
8087792
1182630
9409686
8573250
3811692
3043628
4385632
5410810
9775740
6969867
278471
8697016
5863131
7815903
2485994
3599910
4617107
7718774
5544732
6268500
9056934
3057447
8239208
6794208
569430
7265139
9541055
6921072
7685307
8919072
5276485
3396360
5455455
5901300
5041217
7546692
5516897
4408920
344270
9896270
6494220
4615142
2604280
713967
5370229
1151052
2628369
5820750
9304960
9453934
9908208
8737490
8228650
8133700
3272154
7621371
7654044
6049796
1397794
8329824
2790496
6058769
4662276
3259399
2559438
3663884
7245480
5011815
4768227
1610280
9814468
6688596
1702876
9911196
3115756
7107756
6254907
1849088
1798396
1975078
8950902
5028922
9258142
532398
5290704
8649666
2954111
7822854
3800352
6079914
122754
2939258
4951078
3029883
4478495
2096465
357642
1560732
3444552
8227956
2840157
9437888
5675232
5750904
7010950
5625632
9842588
864032
530868
528471
3434118
7659232
5831798
2655282
2310390
141006
2868585
789035
1355920
8886261
1878936
1307430
5095536
4733262
7380360
1652672
9364480
6759351
2453716
9084497
3615513
6996996
3667329
5491712
3267169
9718272
6681894
7003925
3550968
7334658
2622513
188670
3471525
1244256
4768227
3235615
294520
8516320
6065748
3159308
5020974
4518560
7339914
8184870
8239752
371628
5895414
6194048
6643615
6778336
4956982
8569826
327030
3502856
3630408
9556620
313156
3617820
7419204
1724340
7206201
4384640
9624712
6374619
331662
3243700
3046610
162674
6911270
9284679
2569269
6951865
3009987
1118758
8116290
5769010
3849044
8907108
8726624
3556440
5835999
4095968
6479886
4395018
8494497
2559550
1681149
4085470
7096166
5017433
8413689
38766
6510496
2481516
1055415
7128714
4919280
6886459
576266
9188352
8498968
8423500
2496972
5901378
6838635
7360157
4813810
5465472
8825784
2201248
6750888
2884588
9179968
3120320
8078556
3775434
5625730
1408761
9150466
3956120
6497600
4063680
1476580
4604186
9588784
4400758
8843684
2993928
727394
7953930
9577485
8749672
3732768
4448128
8504956
6072195
659352
4771025
263145
1316040
2613865
4160448
3117686
6007552
1437941
796603
3345190
6219458
1766460
9715648
9950
6621372
3818323
3237730
685860
783852
6985979
5552856
7727514
6960784
3597330
4603548
5065293
9623163
3859387
8260384
5756464
6193364
926213
6985664
9868432
9639264
6923210
1536724
3657312
7280760
9586422
6521634
8280796
3946050
9257922
9964026
582417
1948288
6841152
7591776
2784194
6130326
1862868
3875606
4503104
4698132
2056878
7474880
4254320
5268512
2634363
3523398
1883535
7359444
6674176
482112
1780055
9663327
6230392
3385985
6581604
3447549
3536912
2356536
1671288
1457080
3355276
6655328
9725442
2379808
5828320
4821770
7011948
1060524
9770026
9665430
8803760
4123872
6926184
9777152
6993955
1474112
6238026
6092667
7018880
3296760
9583164
3937110
6254560
2660337
7378797
1389612
2772070
3762234
5276808
2643715
4392360
5856570
1315364
7240490
8985760
2830775
3609214
4877490
5063852
8140686
8910144
5909158
2655584
5769828
1724096
7300315
5600520
6537744
3517632
4542175
3828128
134865
3616825
8729262
6410256
2637728
9651168
9641678
5405168
42785
9506663
4354120
136758
6822171
3172191
1361160
2200256
712855
5473293
386060
1147235
2657568
9931098
7827909
548136
2745498
2330640
8115220
4961054
1394206
5630310
9860400
7426554
6507419
5336306
8631896
7609440
6117592
5101649
4795056
289254
6546302
3597176
6933160
4929168
6330508
1496497
1296176
5705831
5866720
9300362
6360254
1955243
2342858
5844150
3504297
9436042
536305
7122317
2992960
2397600
9285340
6355636
5612752
5560436
3637056
3768773
101184
7821861
2056503
7883414
5991936
5628880
125874
6984900
2362738
7353696
9098859
1201746
1800647
8418192
867762
5312354
423870
6681322
7370510
2281230
3182424
8952800
7169427
7199793
5038244
7684600
6189895
1952126
7733259
8244879
5144520
551552
1805193
7583182
1922448
5025928
4835910
2341494
6986
1994958
5013736
8604110
2251746
9783561
164835
1795788
482090
6297984
2598316
7134150
578095
7341792
9728928
1163499
3235008
5823171
78289
3198948
409696
1098588
4734210
8259732
7204322
9568105
5079040
9737070
9618646
5767020
5481910
3583218
7950012
3238510
1912086
2160576
5210678
7285079
6095898
9611980
2165660
7616028
5500494
7427675
7047696
1774085
8614080
438354
1742508
8907168
6159264
3786464
2747732
5046732
7656960
632258
8438944
7649343
3850284
9805875
1850568
2065532
4550919
5124873
8351460
7866516
2422710
4131720
276888
6160463
1870912
8409740
5802972
7067485
4153320
4307634
4593618
8478996
7617817
3848660
8211780
5071739
4091904
6778603
6594399
7562628
14940
3037664
165170
3595930
4301931
5780503
7326185
8229508
1199184
5281039
7885387
5679618
8517930
3091697
1908176
1407648
2250561
6979613
3883485
4952076
6120416
6967020
3450086
3325992
7275420
968060
705312
5032298
6991988
2005980
7782404
4910160
7695115
5664330
5846408
9021544
5353684
8044938
7660505
1157664
6945919
4846645
5951008
8692722
4644962
145124
7207194
516446
4482402
6835158
1269900
4005622
1583045
7090816
6259545
4212572
328683
3750155
9721747
2360562
602528
1775080
4667824
5764848
9372927
1117984
1761470
8074703
8253816
9659933
6803810
203796
6117740
7007601
4261300
1766752
7779213
8838288
5907162
3448670
8336520
1728304
5330424
9606420
2959136
8930976
8344647
1865738
2175866
6764645
8314944
2907450
3082620
946368
8078848
1430810
6024871
4549140
6469248
7219532
6924124
6000993
1254486
7179662
5154432
7590069
7115424
1946052
7261440
5308362
9942040
2743744
6054321
8119568
6069624
9527125
5399316
9262728
7303670
9301431
745506
7033959
2121888
5110320
5154840
6818735
1490014
5576340
1074514
3649347
1308448
5484194
7511780
5002860
9917073
6550460
3326640
4914357
1315390
8889330
5170047
8106885
4062684
3362262
2438208
4902464
5840544
4125732
6440635
7104704
3561435
2306057
6377616
4021478
9030826
9922116
9967009
9262092
587856
4515742
553969
8463910
9786204
4520136
9004646
7191361
4309692
5144150
2188809
9610718
6069056
4912083
5907162
8289345
5261169
2792784
4642560
3503744
9503690
6117876
6152128
4360090
9642676
8823660
1966144
9768287
9600576
765052
3287796
674871
3774840
6972021
2981016
1794351
8075256
8298300
2682228
5471311
8411144
2313038
5845714
5136576
3304395
4555704
6364629
9501255
3172060
1040550
2546451
7795378
4657884
845604
7149842
5106006
883560
9530144
2894711
8879360
6972676
3519041
3256474
5770224
1925378
4140372
9342278
8602624
4955070
3420932
2286510
5372130
8680879
9837657
1032672
7124200
7202566
5037253
5966880
7831435
9828736
592424
8302689
4142592
1057752
6085560
4458509
6131550
4954072
7614040
7061751
8363833
6614656
6655328
575269
1932186
8323326
9748281
3171424
6746480
1479519
8885366
4165635
4806120
4129724
2327652
6786400
3884672
4567430
6073024
6755224
1824672
41958
6380544
6695112
1516908
1121812
2194304
5686308
6576304
2110649
8563231
4818912
7641008
6571334
1171652
8418130
8927008
8895216
200182
493024
6177710
1325340
6311508
7150593
4243386
6187806
6386905
4752672
6184920
4734261
9780179
3150686
2555311
680205
5993568
5021889
1236768
9795195
1951129
833431
8190264
5055787
662998
9033321
8728728
7337364
370884
2510203
9258816
2049388
4020657
9756234
9596844
678590
9734492
2616555
6596096
8772332
1533295
9078999
7274336
9362496
999999
2022631
3625734
1426496
9350085
3006974
7197264
4465521
645706
2503944
5223470
9005745
4324894
5170304
6283931
2075754
231536
1057685
7614040
8472972
2588604
1993892
2306736
8151040
5646198
4275174
7453539
8533490
9508604
6456555
3014688
2965100
6662520
2884220
1123875
4383396
9038580
2886576
5890400
5107764
6053580
5739540
4312224
1776654
2807190
1063424
7227712
6133536
9125914
4689692
1416576
1635130
9583407
733827
1747741
5021973
3179360
8549442
4605856
4338417
4831834
5923246
1593382
2130650
6605472
7633702
3603250
4164654
9964032
9420660
6116880
4067760
8554856
8173176
4690403
3473052
1650372
7001536
1155852
7697536
8131704
6658540
430569
7283038
1264368
1945188
8103280
4825620
3836952
4152512
8641682
7653969
4285710
9155451
3780005
6211056
2965098
758952
2208355
7806876
9596125
9869369
9289088
6270816
907680
9843274
8046920
6856545
8963955
6039896
9925035
7272792
558880
2668284
6981991
3895279
6328389
4127712
4107048
3795756
1706425
2498916
2455180
2472575
7204562
292121
2894103
6969792
436563
9124150
478560
5004640
7942014
4123592
9354560
9103584
8354109
3294774
8657967
7212780
5432662
3428130
8253182
7847630
2328942
868387
5933152
2230767
6097020
8342896
4855500
581898
3292128
7338917
1530395
5260734
5502972
5882492
4654993
8769780
6105551
2302767
4475982
7780256
7562628
4238247
2739235
2617548
8861130
3612534
3235761
2195802
4172244
7023217
3086244
5033705
1922216
1947273
4682909
5625730
4276512
8063840
7949958
6287676
7643360
5006624
3799567
4971020
3513234
5171232
7372226
8329548
9787815
2143550
2843179
846600
3379600
5031628
8197080
9012320
2574460
8367821
885226
2040804
742016
7359444
3915276
6824169
238560
9125712
2963112
20895
7076118
9257480
3659610
4683728
6437100
4353888
9718968
3146850
8109052
9654322
1818356
4965060
3621142
3086244
6608704
1153696
2889630
3804880
7198944
3408512
2370627
7620396
3360504
9422016
3261187
7164224
2775435
3746250
708291
8056209
3152576
3647871
3317019
540095
4507790
1881339
3573807
6664770
2334663
3675093
8669088
3691891
1235040
457164
2235696
2123184
9436605
8342080
6069216
292824
3702144
3079293
3502856
3953133
4883460
9701610
2363125
1951264
4212558
8779200
9203446
7031760
112774
7456056
4123929
2804193
5707825
6487400
5691594
5790744
6954972
3112500
7094985
3673376
1426572
9033720
2830176
8649972
7333548
4601778
5475012
6672192
4041900
7928064
3825775
2432850
2194602
587822
1166592
9475488
5202855
7609632
4318677
6639920
1117637
4771642
3334965
9511618
4860735
9713368
1799656
7978755
1714840
393420
7735257
8837508
637213
7548128
5082322
4636608
8859540
4418330
6036835
7837615
7071465
518346
3617166
623238
4422822
2177820
5260565
215784
5304606
8182016
6770400
166833
6030963
1422850
7092006
6868608
2170290
5264544
3477036
2175070
6915228
6980013
7368408
839232
9572069
5354640
1203074
4534432
5269440
4965060
5250615
994964
4296699
5589798
5689879
8536105
3370464
7259733
2813700
6932133
6574419
1114274
193418
3188523
7166220
5713115
4251712
3280130
256452
9200444
4765660
9506336
5586944
6847500
5430208
3738750
1744992
4099664
5792169
5306688
9915175
5800850
3142544
5849278
9442248
642068
5343292
8797107
3193803
1069544
4387380
5150908
3465531
9257739
355215
3987960
9354560
8618068
5966880
9614682
4234514
367040
2224820
4012559
3224271
6515395
3806304
4204349
2672866
8117400
6128559
6300966
9018426
9070920
2168829
4662655
9101344
5548880
382234
6562644
600588
1322020
3120999
2682806
3015925
8360424
5730516
3247749
74400
3392088
6016361
9579006
1781442
9652953
4881534
1884714
7737255
4935060
6797184
1373484
741768
4224633
1821312
9538424
1205502
9278990
7280056
2286418
2156165
2747416
1092810
9262438
4775337
8228241
4624088
9833696
4766229
6331780
7211507
4099936
8936111
5906280
688745
9160436
3050886
995955
4338200
1941245
9518898
3561435
1375305
6816945
6680313
1734524
5064850
9459318
7390899
3665440
6095898
5822125
9861129
7144502
290656
7001931
7503422
4531843
7033904
9655480
728540
3786210
8381610
2345652
8404710
4530465
8571262
6719808
674969
378860
4609835
5474284
1729269
6358464
6765005
4798384
3780624
2350560
543456
3055556
1353288
1746687
8450535
5187930
6156836
6161460
3263600
2376848
2935342
5494467
940416
7440090
5394890
3680624
4983955
6057560
3302382
81672
1098798
3398139
9752990
6482964
2280430
6380058
9577190
9812768
4937190
1825978
7819173
417743
5381067
9631600
8952694
5608125
6948060
2544066
7525467
9647988
7834426
427983
7809350
8775414
9436605
1037632
5833786
1599188
5554440
5999616
930264
5877567
1848215
2638720
8005298
551552
6309697
1006956
1259739
2990970
237805
7061751
7037736
2683800
9321732
1286832
9008622
9865315
6522762
2670648
2764512
187248
4293012
8662144
1319038
4617130
8166704
854429
1586030
5555284
969108
5392900
1128749
7824936
7113064
468696
5623740
6136740
8423568
7986469
7029675
7248744
9416064
2169288
2265033
8447550
4577995
2344302
2507776
1667331
4730446
2803564
3338658
2484437
5497497
7320215
5153304
5772630
5277795
9748464
4596540
6125868
4641282
9838612
6206944
4360635
5664556
5360258
5123470
9460086
2518796
8839686
7976
6574596
2085820
1240732
6707295
9539688
5710142
9775410
2988930
539104
1499904
2720548
3099788
4064575
6666327
8820756
3568848
7407288
1372488
3143028
9370896
6269440
2568672
7659650
1119504
6134968
8757648
8303466
1767332
9296370
5214550
7351641
5513718
7482948
9866312
931378
6169248
248992
42785
3052384
6580812
8560653
9301013
4640289
8410710
4825330
5635706
8316600
3217056
7312858
9509481
8847648
3123305
1669654
3149847
9378885
3066854
6608979
100394
2936276
3101139
6595808
5540329
9678771
1633142
8931132
7262446
359466
8931090
7250236
7095649
4126730
1864134
499497
3191184
3391955
8298672
7110656
2702457
3344935
3358326
5718540
5318508
7382900
5152896
227397
7249570
8350594
1933126
1703295
5899095
5107808
9332298
5204790
5073832
4871342
8744247
2421927
1094706
1152046
5790744
9905045
9146670
7352704
9847558
3251471
621875
6140480
4072644
5943027
712572
3949086
5652664
5246354
6958994
1541362
7543492
2512908
8376905
237286
51844
9551968
4928124
3448090
3088230
1150720
7794144
4083816
9787815
1894392
721278
7443084
9913162
142857
858080
9803735
4290091
6501951
1571514
2770227
9568548
8664128
4902176
2703939
4398336
1268904
5054790
6643615
4922265
1583835
2471563
3136562
2229750
1281664
8424118
8860244
9478185
3139866
431568
1182442
355288
3823338
7982940
5885109
7215289
2006816
9327249
898392
1128896
2435671
8521180
5368704
1365516
5264545
3120876
4704108
6185397
1387624
2677320
693610
4182752
2955168
7862424
7779905
5830804
42828
152388
4878693
6284091
2367492
1856142
2471580
8190615
7164000
7321968
5548884
5852496
2405046
4422573
2488495
8976012
5496380
6531180
8793088
8130684
8022447
5613429
7493904
349947
5852590
5423220
3976020
4892415
4681995
5564040
7430641
732060
1721350
6276116
7558020
3513345
2449731
3674244
6765164
3993792
3458112
5562852
8156457
6635352
626116
8096130
9028356
8903258
2897282
3068928
383075
1482539
2008974
5268200
1186432
8463533
7406787
1478520
9336704
9068712
7329663
8919000
7685820
9178812
4700295
5636675
5365179
3870126
9527835
9908154
5425248
595209
6600060
2057660
7737600
2843072
8393292
5220774
7591512
4597167
4160884
8059848
9651168
5120704
4461482
7355260
8281082
4826864
1343888
1391193
2358375
1261660
3866570
4022718
6824889
6049876
9746295
9398770
9339651
2474042
2419152
7213489
2288414
3418820
3175392
8675614
1067392
257446
108782
2820386
7463221
2030844
1457204
4052724
9080768
5593170
5442623
9615680
3911231
6103569
5267151
8254432
741024
8374941
9885105
9122364
5539455
8681310
410109
1391010
2925342
6979014
2107658
4615142
3573430
501480
2063360
9794372
7074749
7056096
2434887
681948
761940
9784704
9268256
6008805
3410166
1722816
7231327
2476056
5609385
1596364
9411654
7802994
4865810
168980
3374355
5223872
6943050
6849760
2343654
7712446
2173878
7494933
2316360
3597639
8144836
2255742
4757684
2276327
7605758
4162200
4746717
915084
1757170
8970532
4879648
1469132
9681079
4906089
4913216
8593815
3433745
2883744
6635352
8102619
7697536
8400785
4916343
5788206
6726752
3030828
3937245
7241916
5554472
6821330
9180865
8238912
7363552
1645728
5242494
5460960
6613082
4771836
8789386
8146020
7423668
3304692
7737456
371382
7931145
9002658
5716896
3416154
9958008
4254912
2042528
9732258
4621738
7755030
7500879
6643320
3220068
1932128
6105764
1171475
4144694
9924138
1474524
5122428
5020608
4126524
9967009
1294246
859072
4644026
8837590
9746672
7310640
8593952
63616
5192905
275061
558496
9666425
4619785
325674
2405592
3387212
5778267
3430294
5196804
6744608
6298704
6975012
912567
2141901
3199373
1379672
4547150
233825
3284712
7403808
7701072
7971021
4058937
9360833
2063712
1759025
5244220
3286485
3728268
6274021
995979
1439559
8306354
9177608
2590596
1984973
6517476
889324
1969054
4549312
314370
673296
5648902
1255597
9746400
7881426
9575544
3270624
821044
9147668
4231173
3419148
2822175
668608
637506
3847290
7771788
6723603
6795200
9715764
9558432
3681216
5194140
8712279
3732264
9090646
100697
5055232
8272683
7217792
6280092
912336
5015948
9707789
8132135
1728315
984060
1776075
9112738
8335684
1362155
4396544
2106661
4263575
2387005
2042670
406368
8359428
5090118
5651343
9158439
3783418
9680088
1753486
7799918
1859889
693515
6879214
2426892
2161950
2020704
7764228
9404703
7773080
3881495
7012980
9646208
6540600
9198775
4533825
2973991
7624685
1341612
4679918
3381010
3824043
1898688
8579806
5179957
9567555
9769764
2700224
9538884
4680480
411680
2610387
1387611
3147849
5586191
2412094
7389396
8264470
4342298
104685
4511616
3170268
3925351
7997504
8710422
6496608
1911584
9608412
4957038
4605202
8354570
1107072
7110656
8381913
9317673
9266724
9434611
6678440
125496
4727245
7501872
4452096
90636
858080
826680
7269122
7292192
8118396
5324643
1051451
4440671
4484506
7153839
7330326
4703365
894693
6192132
4749332
8805924
2827323
1253488
5295699
2667772
7306494
4947138
6869124
5090798
5542740
9973017
1244696
6833306
1027835
5302704
7577415
9860240
3578501
3635373
1604316
7284648
8886336
9036808
501952
4120452
3651261
5395432
3297699
8188116
6041640
5498455
6952080
2401596
2535918
616402
8132135
6830447
9515919
871738
473526
2181040
1435680
6126396
7386606
3237512
3349647
7555737
934413
3362262
449288
9862128
5779955
9389808
2247588
3775710
9135328
7496892
2863134
9873333
6273774
8955036
6586548
2573664
1347300
7343902
9473960
4266592
4230464
5982752
6407829
1410060
3023541
6035760
3358125
9773008
1753956
5062560
5951008
1555456
3993003
6605805
3462591
1948138
2137760
107136
7957044
7405587
2231040
1353459
9759633
3862590
4281472
3966066
7989442
5815894
8535110
1082272
7224695
6026967
7025784
7813984
9048821
5636364
923292
4626688
342280
5375824
3467575
651348
5731200
6814116
8687304
8209792
7308684
4856832
5385372
8145070
8512386
176115
7108672
4825750
4649635
2783200
7659650
2781216
8378905
6225268
1843260
3382720
1483542
2051826
2572425
2529389
1269054
5110971
2917080
8411228
3799068
9686304
4182204
703176
1913316
5666304
9435585
9305828
9029961
6133299
2807890
5078822
8744584
4863776
4051944
9678604
239760
4816507
9247175
7365985
8313340
7134464
6860448
6600060
602751
1114766
9294034
2634752
8974496
3909441
347953
413755
7720736
2103670
8006907
8451840
6224124
2745738
3298698
3480516
8179714
5788062
4138380
4678023
6216180
6867420
5434176
118524
1705704
587663
4476505
2348568
723276
4609131
1855143
5621943
5400950
4435653
8262480
3354944
1125744
8555257
7016938
5973021
8624673
4492503
1606304
9799917
3082724
5142747
9516256
6708556
7027685
6251266
1650366
3419941
753687
3944132
6461994
2792638
6810352
3188406
1217184
4659662
1163616
6934152
7435626
7775217
9306396
5760230
2997775
2348200
8585760
8077062
9239570
3087956
5534772
1222550
4044271
3002832
9111768
2660668
300273
7624685
63616
2563120
98604
202776
4697883
6367839
4669535
6991988
5755260
8238211
9817326
3823278
7668710
5104020
6837798
2814696
8216775
1394604
9424563
9658112
5290398
4133562
5878612
2264736
9767915
9137688
7030764
8717988
3798570
7345660
9853254
7338270
4325508
2166300
6687395
6321438
3083820
6979014
121268
4378824
1333300
3899097
3211785
1929477
887112
2569090
5811660
3112062
355136
9970020
6177955
8126364
7211548
664961
8219712
6432561
5444617
7627368
4638871
331004
8761442
4003776
5242752
9401617
9453149
5055696
1282142
5799990
3230765
1074924
5330215
9174816
8651525
732532
6697572
3432801
3704638
5175264
2491008
3516213
6571674
2806895
4150528
2754582
3084718
4239695
168493
1043955
8924160
8527232
3565272
3514884
8355256
9680088
5823040
38961
7690858
3757693
6004671
4961937
5083316
6417689
5421280
8068721
5554090
1866260
8271424
5360319
1761150
1465635
7503488
1372326
353787
3621375
6859702
1215957
4056870
3953124
7888104
4025536
9244545
6308664
2856861
6577298
9290625
4258896
3664585
7559348
3466080
3228775
5744714
2770663
1099475
3359720
7959888
325348
2214870
2920148
8204770
7282044
3030560
2257498
4203369
6444570
7386880
8574848
425568
3632015
3771584
1339557
285984
5932062
7873497
7691572
4187722
365792
1067307
9723267
3104960
3312288
3908448
990024
7655256
541632
6099350
4680746
3074922
7584408
1349649
2012943
9407563
1216948
8100766
1052710
8185806
1191600
6143328
6599143
3203580
2721325
8442596
449288
8600373
9614071
8828308
2155616
1702272
7994643
5255739
815724
1149225
755244
8637595
6948960
1574424
2187360
7533582
5695380
3199686
4072293
8130920
9674142
7402590
1627178
9986004
3730774
7597142
345654
7432560
8710890
6239645
3550753
6710552
7775190
6829164
628569
8467886
1501990
2014983
5392031
6199346
4704291
7156800
5927222
9757104
3743610
9647256
4147848
5427567
4201383
3475437
6509504
439677
9207096
9807861
5523834
4198404
8749242
3268728
1256220
4547699
8824832
3112762
3839580
9655136
2524760
1123220
6824804
5893385
97706
4216278
804579
731534
1081917
3198156
7528912
1923531
6252888
6712043
5237435
2027856
526290
1507978
4149536
8278814
6114688
7210516
2551752
8830304
7011901
8199534
3766666
3460536
3153568
9749241
3664718
1151215
6105480
358742
8757990
2524940
4778464
33694
4906237
8085906
2110649
3613488
6562254
2138922
2015960
93154
6944000
2307074
7394304
7277103
8603616
4634056
8534896
2484513
4584032
4391604
1990012
8317971
233766
2410170
375354
4693302
5740726
7142686
2652345
5818760
9390600
2305415
5017944
3483904
1050780
87824
2476555
5380809
6603033
55832
984028
9344594
3170649
3697299
217782
3436560
4213299
4518724
7017735
887540
6265728
3904092
9552856
1657943
5450078
2273664
1720869
8903244
5151902
6376812
8640999
1405770
4097410
1748215
2589209
1301504
4950120
998994
9358246
7936120
3862260
7697536
5659335
6898368
259434
6046377
6671728
4960992
7583802
5760456
4772436
367893
4516305
2915158
8150045
8892315
6738656
6404342
984015
5956048
9588149
35784
3197460
3357272
909588
9784704
1886112
2548616
4928256
7554393
2452620
3247956
6731712
9791537
1046850
7491986
7042208
1891309
7203789
9466032
7912240
8482592
7322592
1298094
8896295
9424640
8772219
3355526
4052805
717840
4352130
1850700
9190582
1723349
7832544
525297
250236
7947030
9678106
8870309
1775680
9182572
3882688
5714285
6477509
3362298
4619742
8306685
5065152
6005820
4511484
7145680
6947901
5596784
2875238
6510870
1487491
4070307
4764231
650752
9589782
3439761
635872
5007616
6598395
7628665
6628380
4210331
5044320
244755
5570010
4418330
8655981
7604460
8374915
2347650
6545490
8011892
6347256
9090320
8126944
5889405
3899552
393025
8948064
2157160
1980018
1544115
6698566
9787815
2072585
8941082
8237214
5496086
1020928
6545305
6936100
6431136
6114275
8197888
871620
3023685
1242755
5807815
1511346
7092900
3129112
2514900
3106785
5826016
8769183
2211650
2683628
1452168
3241710
4315352
579672
5941094
7716603
4112178
1662898
2210418
9130702
8927070
7297152
293928
9246470
9834688
7827872
9319956
5336535
8927140
5553095
5330016
1080918
2198385
8415675
4407737
7744085
8177160
4726269
1494006
6900325
2321634
7565616
5019415
2773809
6475910
1006956
7126281
5853270
4679208
5820486
9234900
6856612
3914406
6664475
3557296
1601790
1096272
9488825
9914076
5910216
5133016
9582720
8631392
1954180
5168642
347604
8857348
4464992
3846150
2452086
1995970
8145830
6695355
4225286
1638784
5320494
7001815
1969114
8569584
4355115
6080298
1236785
1585600
8736492
9448964
8668188
3694435
6720962
8593815
4639702
4366250
1825342
8110046
6019334
6956958
3252482
8871222
410274
2268888
7939105
6343284
9836624
6978003
2580192
5114752
6490820
8612740
6219286
8391328
7631691
5413581
3915154
3750561
2401356
2154682
643808
3844089
8060000
1579419
6031962
3493824
8191936
1356917
9589810
1766125
279720
6747478
6813498
9888256
4414354
8851452
5351840
5225856
3121464
8552266
2618222
9814756
866393
5908086
3221554
5796359
4838062
5310769
7556064
5523658
6334170
6496452
1002972
7696743
2310056
520479
3100548
9188896
8017800
2030685
8342720
2323010
236289
6893406
7010682
7499730
702592
5457984
6369157
2424704
752247
1336632
3293450
5606160
6100800
5896258
6628986
6767226
2706421
8639352
1071532
1838160
2626371
2692746
754729
4313682
1126062
6337326
4208777
1855798
4150145
88466
9676608
8599785
6384788
8958846
777308
3230229
9942084
1405593
3226976
2305408
3825489
2369888
2079342
9698292
3752145
3527832
9251392
1303695
2948129
7939892
2407332
5459968
3192011
1266356
3297057
9243187
6882111
7453888
8146284
9760288
9191872
1653345
7503706
2024868
1730554
6969024
7340690
1218558
5495928
8373220
549450
1884224
5960056
1308120
8922105
1832328
7605116
6161312
6474916
1991936
9689856
8597916
2248749
1931067
2640024
5205024
4626420
803582
4415152
4725088
6144849
4180815
8474517
5372570
8454816
6303368
1696758
7236320
8659168
8038605
3097435
738520
5489505
563736
3220560
232362
6460054
4248054
4109764
3817668
6024926
3920384
9866124
8329548
3665440
8922964
7930132
166992
3128586
9555322
1067712
1485535
1901097
8378352
9450062
2483493
1663320
7772940
4250482
8835744
9094407
2951120
1023855
5213800
7759233
300879
4209096
3704883
9500260
1782045
2125320
8739629
8170415
4700295
2476555
7291701
2343715
7087796
8678313
4039424
9703801
8826777
6612672
3522852
1669975
8447284
2365260
6571975
8499290
5329320
9827429
3329667
5563418
7449036
35676
1174908
9457113
5501220
13874
8864455
5695299
1620220
3058440
6070834
5765030
4306641
9294374
8165965
6349500
9068580
6783756
7473512
7812840
4290400
3532371
9195494
4184970
3010826
9772014
3846071
3189807
216910
1459076
4521938
7344648
5782940
3393372
347255
5486491
3218778
4165070
5354887
4881632
3533245
839232
3026892
4122595
5392344
4551878
6301372
6283931
392832
6844512
3460610
3432216
4086195
6501330
9428090
732096
2913414
6993000
2971066
2159775
6231685
4511880
8895216
6276460
4522275
6863616
7015940
2805068
2790207
2826171
5173280
9640806
9740337
1819020
9560233
1014874
2988958
4935060
9313974
5334976
8808735
5867436
7517225
4898328
8934096
2959130
7534884
4978946
1730792
1514856
5085909
4530920
9705854
6971853
5638356
6789020
2817354
8744584
7995976
1176822
6164025
4512422
3035961
4990818
5152674
4894497
8082596
6720230
4653908
9639682
7471898
9055495
4840560
3365277
7725180
3174173
2020845
2681812
9390182
3243422
5412843
3537356
3835596
1833785
9573214
9376210
5971952
5731944
2262054
9844602
2563926
2736250
7832640
358200
5921220
8331270
6804206
1535380
3619808
4126583
508980
425004
3535488
5587611
1285327
1383444
4637358
1720614
8960622
7989772
3279206
4219056
2568095
5684686
5401855
8076069
7040370
4605390
4018742
2514720
6976640
3443638
2521946
2201710
4748928
3907170
3499221
9743868
4651625
5530210
3465084
8432625
3046832
1446730
2696172
5557862
3521742
4402178
1218411
6407719
8156457
3822340
106251
9115974
4116468
3177632
8471024
9917165
5967036
8068125
6167984
8901270
3718554
5178495
2130730
6696000
6298704
1275723
7848624
1687520
842616
3374238
7527768
7545296
7367830
9418659
2660316
2034828
9460042
9439092
3032622
5676224
141574
7376376
3158733
1804384
3596556
3585411
4165854
6369420
2641392
7884200
1524474
9329684
1507978
3463533
8150045
6016895
4459084
1018748
3632071
9052188
132468
3877665
8232608
1713120
1078754
3603528
3653247
660680
9422577
6084564
8144678
537213
8091652
8558990
8305024
8310526
6986890
7065840
6186602
8926145
5866440
4384214
1418731
712256
1966140
8920119
9944064
2228032
3663727
4243496
7851266
9527463
9704863
8473850
613155
3718068
4180212
5667327
8380887
9499265
6412294
6315344
7050570
4303376
7759010
9721747
4002783
7592478
2854768
6292390
670275
1731277
6968800
560748
9839555
2300079
9252160
5020892
9216300
60817
892707
4524932
170796
2927364
9574416
1133013
1900672
8856540
9277085
9811179
2217614
9298692
5729759
4637376
2852665
2953140
7329333
5664252
1004994
823197
2161668
6370546
6222489
1270896
9815750
1854048
3383000
6000943
41790
7342242
428571
6597087
5512860
7893344
2636415
1830648
1748446
8136855
2100195
5033784
1471092
2771226
2706662
3044622
5221194
8056209
1034886
4920075
7505094
3736512
2641706
1670652
8376360
5008766
4167648
6583560
754446
6225117
922560
6187905
3369824
4296352
153384
1697583
9473600
3084258
9825765
1189818
1072850
8361067
3598632
2460596
8267724
3720305
158841
6399300
5326452
6203334
9570534
1113153
1510816
3733464
4792396
6369632
7589164
2339658
7976850
9219273
8450535
4191200
3925329
9724135
970125
6584910
7747474
7383782
7320517
1060740
8981568
8474415
4773636
3385696
1352290
3949047
9765225
4401880
7226685
7488467
8865486
995955
9148776
4951114
4953096
8008658
5783232
3792940
8225350
957252
3979027
3401184
4370618
8639848
6424668
6002685
6878376
7473318
5014730
8363516
5984010
5410584
9611980
3780424
2629123
6911264
2704674
4770674
8514380
9030960
9221964
6929064
1377684
6939114
2757356
2410112
6038304
1470633
6519646
5064660
1395744
5996541
730112
5432192
2269390
5117601
4863366
6894099
7807354
2801557
6248284
1909255
4766400
2230278
3855274
9460008
6919074
5470510
7625367
2847294
9630360
4269230
3847875
7806186
559488
1164608
5841819
1896294
5558275
1357914
356760
3950144
510976
5208000
9371905
4542756
8446555
1492960
8220771
6672470
2847432
785664
8223362
7548070
5716896
135767
6220534
636513
2357905
7854588
8486992
8320774
640136
9331221
1325340
5733190
6824705
3085376
6510870
4301724
6563393
7502868
3070926
6708290
1584828
8663465
3682770
2195065
1801302
8241202
7901243
2313375
3603276
2187616
293706
7590788
3314358
172308
3871242
4694592
6172224
5552700
244770
4148956
1617381
6026715
4337580
8867318
3127596
4783414
5360258
3101667
4921074
2311360
3036740
2101788
3160666
9033720
9735490
2476054
3549762
8300616
8073918
3111504
4289706
299700
4126730
6591141
4403749
5932062
6380800
1678320
8247744
2392274
269645
5517504
5086803
8415136
8111817
7801525
4803008
762237
5285739
4191388
8641296
584242
1140858
1311372
6221772
1482030
6194608
1940058
7580556
7287705
5028966
966064
1455620
879904
4058502
1895297
8461020
3513483
5868510
4019496
718662
4771665
8480511
339320
6206944
3370464
498495
5632296
9711380
7960703
1947315
5973748
8499456
9623367
689736
8065470
4261278
3563636
4275515
9552660
219453
2957152
7761000
219232
4256470
2216331
6919074
3021907
7460510
1492506
6928180
6796704
8350872
1673325
7308684
8763960
2536544
9919155
1557852
7975568
8299900
6072848
3308676
9423419
7755030
9299691
7545878
8696831
3323200
5525235
7544483
7015289
226404
5844864
7802001
7687008
4306272
5075919
1935392
2203232
5834780
947196
6663264
7429156
8439108
4362666
1660338
3752145
4097898
9907212
4091568
3045440
3443638
7060932
9870360
8036615
2033664
1937220
89280
1903095
1913316
9939006
2319931
8320774
8898288
8925084
9133105
2900492
5811183
2719335
943110
4122118
550005
5446630
4709572
5961018
769230
6820725
8911186
528345
3454078
7466784
3324995
1350294
457842
5368626
4850880
7603401
9484908
2364120
9109744
8882109
998944
2068320
7129712
49800
211722
7674897
8175072
7584408
5283392
942357
8128448
5982012
985054
1144706
3111069
4868351
7506956
5431710
8994594
6854555
5666794
9360498
6919200
5998978
7217730
8035728
3627744
6657966
912087
7888384
7972797
3402462
4097544
9433096
3156335
1156672
325022
72416
4009964
6131862
1992006
7960000
484565
7391316
9067083
6538896
6494499
9037920
3474545
9074226
4420698
3135245
8340654
4824171
5207705
2652020
4175083
4652316
4259318
6025524
9380773
8449542
2625154
1731300
7232506
2240740
4107504
3264178
8069450
6419698
7926126
5408162
7402304
4632040
7080564
622870
9326301
2750025
1927456
6146182
5867680
9164397
9927115
2098938
1597798
5451596
896303
9386755
4183264
7140155
7297557
9207730
708291
6246610
1307748
2572668
8840704
3105111
6087256
423300
4861570
9863388
4090445
4768386
5834444
4182204
9789906
274507
8768223
3376200
9020772
6097652
4526888
9588672
3081400
9064724
7832832
5529362
9120870
6829972
2639400
190464
5808057
2155170
2989992
6196860
4849954
7148848
116064
7218774
7831306
9154654
4452120
5780950
8840496
6102784
3782808
2369888
2985018
3545894
6638640
4490964
9884336
1345515
1691500
6831162
3688995
1866732
2340956
1760374
7636625
8155770
7345660
648740
5318995
3211860
6920153
5614785
6708060
9278082
4343175
2177440
454715
8493861
3152371
2146380
1247208
3825334
426426
7440000
3310020
133464
5027924
4655184
9174394
6857658
2064933
9582160
4207602
770568
2507862
3327543
6716458
8916180
8775900
8082679
3835314
3363260
5840154
4330858
2664512
5147328
7609359
8105389
7551104
170829
9757312
9332214
2697502
4687445
7310607
304695
144565
2184025
8245120
5009960
3901536
261685
2896693
9460530
9490464
8564230
8421088
1982028
9027200
7244576
9779724
4575420
1903356
5982886
5240736
4679485
1093808
3498420
8482932
7756557
5429689
7992900
5738732
497502
7192000
8143848
8729135
4038325
5209325
4409586
3447156
9007199
3719064
1408761
4009896
222331
7087220
620256
2797281
1905425
9861483
3784629
5730603
4557870
2570848
7096896
3474048
1504864
2788674
5585409
7861603
6258864
2699704
8627184
4729452
907602
1309740
5971840
1237759
4562676
2844705
3942210
9844576
2953180
699646
2832765
7608107
8278410
6771503
4646247
569562
9747288
6952081
1625472
4525682
5129040
1364000
5040898
1152690
2110830
1184050
5126868
9360498
1192212
486536
1206156
3147360
8551382
3886110
2663226
3906462
95520
9781845
538836
9515264
5227525
9419656
9469996
8469515
2577245
1080288
1051652
9259725
4875630
449740
6331572
6495616
5805189
6318624
785055
1468138
6320598
2054343
8347476
8947078
2687592
2432905
7089824
9741876
4003832
6444549
4985000
8382869
1380270
5399408
6290394
6928180
7031760
7010580
8966790
3852640
4446617
4775337
2546052
9125712
8832768
3086910
6061120
4599904
8487915
7972874
7721765
145677
6549828
3779674
4045376
5065001
3455144
4746540
544608
5885549
144710
2961108
2324256
8902264
1725330
1432986
5899390
8917140
1908410
3127285
1249920
3504924
7890102
5361760
4473000
2581418
5966937
113772
1500460
4162200
7935057
9359004
1836912
5351643
7569310
7240214
3442222
8752512
8556294
6106625
7945093
5446548
2399516
9849568
6540135
2049832
6838891
2151190
6607386
5050802
5921134
9734242
8716532
9642545
9160704
2781630
4658664
4731996
2926136
9236754
5617696
3105528
967032
6118255
1517904
7756182
6751684
5760234
273516
3626775
5829165
7591776
8418695
4612160
8713863
6244640
2039478
6846672
5115542
4335438
7954848
7148490
7673622
1602702
6437556
7095978
7328664
9300000
3357516
3149600
8828708
709716
4159456
1758816
7101728
6143130
7631691
671898
3879505
5144944
750708
5515122
5175993
3003825
3548384
2314362
9654322
3517632
5615712
5053496
7222408
7337655
2308384
9668841
8195570
5684894
1865952
3124452
3629415
74925
3389109
7874496
5564430
7203800
5174523
3019648
8478234
55776
3785152
9652656
1325676
3823785
3626775
3057799
9436554
8335776
7354262
9788384
8211780
5614422
6714260
774448
6519240
2872565
4189710
9632320
1253166
1650705
5007835
7383895
2056586
2294402
94335
1605170
7174188
4041900
9249003
2296809
9599116
823360
5736374
2972064
3889297
2600930
182712
7143878
3643698
2431392
6378218
923360
9627884
9059616
7177815
591814
8670662
5273721
855834
6518936
2731275
1577254
8323872
2235696
8930125
5941123
1216340
9217980
490032
8823660
9656648
7415240
7442550
4031964
2009900
1301697
8880399
4801280
4089450
1420154
5472034
6321672
9647520
1988018
2086406
2844153
1334326
3633006
2068775
1305384
1942056
2134118
1295552
73704
6926159
2384424
3266730
3458593
7062636
8395324
4624428
1906560
1846584
8840399
1521950
7701291
3449671
7775068
6255242
6332774
1654338
1766547
5078822
3669408
8808495
1810400
5862756
8353863
6037660
1617238
7311598
259956
9571527
988027
8002919
4218307
8171624
5077721
6310906
9681560
510435
9183264
1359792
5915146
3956120
9385758
3846882
2376060
3574836
8213286
8208453
5522664
1590408
6753240
5084310
717484
7822690
1728813
4062109
9581979
742020
8580182
7888192
3900456
8583865
25818
6487506
3648688
2099568
109340
2107890
2175070
6770432
4210840
4838889
6087410
6631968
4442653
8972910
1099136
8234498
736313
9727506
3228775
5091111
7315008
706873
6053868
3303360
5508969
2087046
3165472
7173152
1228825
9347616
6532320
6047496
8659646
2787210
443424
1185440
9658212
6927156
715284
3696156
8421680
1858780
213710
3023685
1948138
3945171
9369372
5867680
6009916
7971880
2771272
5957892
7111748
9506484
880896
4260963
9568209
7886106
7879405
9823749
8590148
209790
4996776
1685622
8859420
5492502
9174394
434058
8605386
9681920
7735257
1579654
9436896
1556604
8399790
8686861
2203584
8266434
5318676
7450479
7244272
2921320
32736
484584
2017956
1668844
8832300
2284212
2664300
1907675
5317344
5569015
2459538
1030934
8508245
7594149
5111756
5675480
6981856
7263039
4106770
1942056
8164638
3220815
7403312
5625632
3498784
1776863
8116875
3929220
9336642
6384022
217564
6787032
3324338
7255540
565728
9797858
6109884
1399788
6079450
7141688
9327249
3683764
6782062
5122688
8903210
8505260
4263282
6948060
3500467
1842269
5920264
7334848
9393795
3927228
4823486
8376214
690309
2878707
5066652
5479020
4625082
8599380
2983936
4507350
3523938
7606656
3752928
9137085
1345304
8127360
3687511
8965577
6574824
6074826
8280796
8308992
451896
1655020
5871123
5425674
760476
6484415
6354642
2503982
1430695
1503402
6709500
6429116
7652340
5098695
973050
9927063
6627718
2564320
6341292
3363492
3974036
5318508
5099220
7244210
5654646
1611274
1818696
5528220
5840896
7047168
6162035
8904240
9905085
6582597
1781248
9613074
3346607
6267828
181272
6152085
6567426
6227988
749235
8980870
4617069
4119957
6156662
6789570
3382821
9089136
3424857
3183782
535464
6587406
655380
4355708
2840725
3335661
9205032
7121571
8749466
3615754
1953210
7565984
6588405
5589920
6476022
676323
8438090
8625932
4550532
9794372
9713368
955296
6893258
7847145
4398764
8015976
3518050
8063968
5408871
1756175
9925090
6295620
1526140
123504
8790112
3037859
8883360
7314438
7261836
6760233
9117200
4973937
9712791
7655037
2280717
3349647
6878435
2109984
5552224
3651014
9300648
7277103
8423120
941318
7779591
7080896
2134275
7335291
8431008
8373920
5787440
6336750
4132058
7585880
7820468
7155264
742512
8416200
2656650
256229
9739060
9875115
3659337
3117619
6307668
4952043
1254606
6956037
2488458
77610
6895098
3727530
6690132
5007835
2473563
3977958
8462536
3565085
5540940
5303832
8816927
